84622460
435336
-4927
38
-4930
29
-4932
23
-4931
44
-4926
31
-4928
39
-4927
44
-4927
25
-4925
225
-4927
29
-4930
45
-4929
29
-4930
218
-4930
34
-4929
31
-4928
46
-4930
46
-4931
39
-4930
25
-4925
18
-4930
22
-4930
27
-4928
21
-4924
27
-4929
27
-4931
30
-4931
28
-4927
35
-4928
24
-4930
27
-4930
24
-4930
34
-4927
45
-4927
26
-4930
26
-4925
34
-4930
25
-4931
34
-4928
35
-4931
48
-4927
42
-4931
22
-4927
36
-4931
18
-4931
38
-4928
41
-4931
28
-4927
48
-4926
39
-4926
32
-4923
33
-4931
42
-4927
35
-4930
40
-4928
40
-4929
32
-4932
25
-4929
24
-4926
33
-4931
27
-4930
34
-4930
45
-4929
21
-4932
21
-4928
33
-4929
27
-4934
35
-4930
27
-4930
27
-4928
29
-4927
33
-4925
22
-4927
30
-4931
28
-4930
35
-4927
37
-4930
28
-4929
29
-4932
35
-4926
30
-4929
30
-4931
35
-4932
32
-4924
33
-4928
27
-4929
21
-4927
34
-4929
41
-4927
39
-4927
46
-4930
28
-4928
19
-4924
32
-4927
42
-4927
18
-4928
35
-4925
35
-4927
36
-4925
33
-4927
36
-4928
37
-4927
52
-4932
37
-4930
33
-4932
23
-4927
25
-4927
42
-4929
25
-4928
33
-4931
35
-4931
39
-4931
26
-4930
35
-4927
38
-4931
29
-4929
32
-4930
37
-4931
28
-4926
34
-4931
37
-4927
41
-4929
34
-4927
42
-4931
41
-4927
20
-4926
45
-4930
36
-4928
42
-4930
45
-4929
30
-4929
41
-4926
38
-4931
28
-4930
25
-4929
35
-4930
32
-4930
24
-4929
33
-4924
47
-4929
25
-4926
32
-4929
37
-4929
41
-4929
36
-4928
33
-4921
43
-4930
28
-4928
46
-4929
32
-4927
30
-4927
31
-4930
40
-4928
30
-4928
33
-4930
31
-4930
34
-4929
31
-4929
43
-4928
40
-4926
26
-4929
29
-4927
41
-4929
42
-4930
34
-4930
35
-4929
22
-4927
36
-4930
27
-4930
33
-4927
37
-4929
36
-4929
41
-4926
43
-4930
41
-4929
39
-4930
39
-4929
36
-4929
30
-4928
53
-4930
40
-4930
44
-4929
48
-4926
31
-4928
28
-4930
37
-4926
37
-4928
45
-4927
42
-4930
38
-4929
32
-4930
36
-4924
28
-4925
39
-4926
41
-4928
32
-4929
26
-4926
34
-4927
24
-4930
37
-4927
34
-4927
42
-4924
36
-4930
47
-4928
45
-4931
50
-4929
28
-4932
30
-4930
38
-4927
39
-4926
39
-4932
35
-4928
33
-4927
42
-4929
34
-4931
29
-4926
22
-4928
20
-4930
37
-4928
28
-4927
25
-4930
30
-4929
48
-4926
30
-4929
42
-4931
38
-4930
37
-4929
39
-4931
25
-4927
37
-4930
31
-4932
32
-4927
35
-4925
38
-4928
10
-4928
41
-4929
35
-4928
46
-4925
33
-4930
36
-4928
31
-4926
36
-4929
21
-4930
33
-4929
31
-4928
22
-4926
15
-4930
18
-4927
26
-4927
33
-4928
31
-4931
41
-4930
47
-4928
43
-4928
41
-4927
34
-4927
20
-4933
28
-4927
27
-4932
28
-4929
20
-4927
34
-4932
28
-4929
57
-4925
46
-4928
47
-4928
42
-4927
26
-4928
31
-4931
37
-4928
36
-4924
33
-4931
49
-4930
34
-4925
34
-4928
26
-4930
40
-4932
40
-4927
42
-4926
41
-4929
43
-4924
39
-4928
40
-4926
37
-4929
34
-4928
27
-4926
36
-4930
31
-4929
36
-4924
42
-4927
22
-4929
26
-4928
28
-4932
33
-4930
23
-4932
46
-4929
27
-4930
33
-4928
19
-4932
29
-4928
41
-4928
28
-4932
30
-4929
40
-4928
26
-4925
34
-4926
36
-4930
31
-4927
31
-4934
27
-4930
38
-4930
28
-4926
31
-4927
29
-4932
30
-4925
27
-4925
34
-4926
35
-4929
56
-4928
36
-4929
38
-4932
27
-4926
20
-4929
28
-4930
31
-4930
29
-4924
37
-4929
38
-4926
36
-4927
40
-4925
33
-4930
42
-4928
33
-4928
40
-4927
47
-4925
25
-4923
38
-4923
36
-4934
33
-4929
31
-4928
36
-4932
28
-4931
22
-4927
27
-4928
33
-4934
28
-4930
31
-4927
29
-4932
28
-4933
40
-4931
26
-4922
36
-4929
40
-4929
38
-4934
25
-4927
34
-4932
25
-4931
33
-4932
37
-4935
35
-4928
34
-4931
26
-4931
34
-4931
34
-4932
29
-4929
26
-4929
27
-4926
23
-4927
32
-4929
27
-4928
28
-4928
32
-4925
18
-4927
38
-4932
41
-4925
35
-4928
25
-4931
24
-4930
41
-4936
17
-4921
21
-4922
17
-4927
15
-4926
22
-4923
14
-4927
29
-4928
32
-4932
33
-4930
36
-4925
32
-4927
34
-4931
25
-4930
41
-4926
29
-4928
31
-4930
27
-4923
32
-4929
27
-4927
33
-4929
31
-4932
30
-4929
29
-4928
27
-4937
29
-4927
28
-4931
21
-4929
27
-4920
24
-4930
26
-4922
27
-4935
28
-4930
15
-4932
35
-4925
28
-4930
35
-4926
26
-4938
28
-4929
18
-4929
29
-4924
23
-4920
18
-4935
6
-4923
14
-4929
16
-4925
11
-4929
20
-4919
36
-4928
24
-4927
30
-4929
28
-4933
23
-4929
26
-4929
24
-4929
22
-4927
34
-4938
24
-4929
32
-4923
34
-4927
26
-4928
32
-4930
28
-4939
48
-4931
38
-4928
33
-4921
32
-4931
34
-4925
23
-4930
32
-4935
40
-4928
33
-4931
29
-4927
41
-4930
28
-4934
41
-4928
21
-4926
23
-4933
36
-4925
28
-4929
22
-4931
30
-4930
22
-4924
17
-4932
25
-4931
21
-4925
32
-4921
24
-4930
26
-4928
35
-4923
36
-4929
27
-4927
24
-4921
28
-4923
42
-4926
43
-4930
40
-4928
24
-4928
29
-4927
18
-4929
34
-4931
41
-4932
28
-4932
32
-4923
28
-4924
19
-4926
35
-4923
30
-4937
30
-4932
32
-4931
13
-4929
24
-4929
31
-4930
31
-4929
29
-4928
34
-4931
31
-4932
17
-4929
31
-4926
18
-4928
18
-4927
39
-4927
33
-4927
36
-4927
21
-4931
32
-4929
28
-4926
25
-4922
20
-4924
12
-4922
24
-4932
23
-4930
32
-4930
27
-4924
32
-4923
31
-4930
38
-4926
41
-4930
20
-4924
29
-4924
24
-4923
28
-4929
22
-4927
23
-4928
27
-4928
30
-4925
34
-4930
28
-4931
42
-4928
32
-4935
31
-4927
28
-4925
35
-4932
25
-4926
19
-4934
33
-4932
30
-4928
32
-4928
17
-4932
21
-4930
28
-4925
29
-4932
37
-4928
28
-4930
31
-4927
19
-4926
21
-4924
27
-4926
28
-4926
21
-4928
10
-4928
15
-4932
28
-4930
36
-4927
28
-4929
18
-4930
20
-4932
25
-4930
44
-4930
23
-4928
35
-4923
26
-4925
29
-4924
24
-4925
27
-4925
20
-4924
37
-4922
36
-4927
24
-4929
33
-4927
33
-4924
37
-4929
21
-4930
31
-4927
27
-4928
33
-4932
20
-4930
10
-4931
11
-4925
29
-4925
30
-4925
23
-4933
35
-4930
41
-4927
25
-4926
26
-4928
35
-4932
32
-4926
38
-4924
20
-4928
34
-4932
27
-4929
29
-4929
22
-4928
40
-4928
23
-4928
25
-4930
14
-4925
25
-4928
31
-4927
28
-4931
30
-4929
28
-4928
35
-4926
30
-4931
28
-4929
27
-4925
31
-4922
38
-4925
15
-4927
35
-4927
31
-4928
32
-4930
39
-4931
35
-4930
41
-4929
41
-4929
33
-4928
19
-4933
23
-4929
17
-4927
16
-4930
20
-4929
24
-4927
16
-4928
39
-4927
43
-4929
34
-4927
30
-4928
19
-4928
25
-4929
41
-4927
43
-4926
41
-4928
29
-4928
27
-4927
29
-4930
20
-4929
36
-4928
24
-4926
21
-4930
26
-4929
10
-4930
11
-4929
29
-4930
22
-4928
31
-4928
24
-4930
27
-4928
25
-4931
33
-4926
26
-4929
32
-4928
12
-4926
17
-4925
25
-4926
33
-4924
30
-4926
29
-4928
23
-4925
28
-4930
24
-4927
42
-4927
37
-4930
38
-4928
12
-4930
26
-4930
33
-4927
35
-4929
25
-4927
36
-4930
37
-4925
26
-4926
40
-4929
30
-4929
34
-4928
31
-4927
27
-4932
34
-4926
23
-4929
20
-4928
39
-4928
32
-4925
36
-4930
26
-4932
37
-4929
28
-4928
36
-4928
33
-4927
34
-4927
32
-4932
25
-4927
17
-4928
25
-4928
28
-4930
39
-4928
33
-4928
33
-4928
24
-4927
25
-4929
34
-4927
28
-4926
27
-4922
29
-4927
28
-4928
26
-4928
31
-4926
15
-4930
21
-4930
23
-4929
41
-4926
30
-4931
33
-4925
49
-4929
31
-4929
34
-4926
30
-4928
26
-4926
32
-4931
35
-4927
22
-4928
26
-4928
26
-4923
30
-4925
28
-4932
31
-4931
29
-4928
36
-4924
23
-4925
22
-4929
24
-4930
27
-4930
18
-4928
30
-4927
29
-4925
36
-4929
23
-4932
21
-4929
20
-4923
14
-4924
33
-4930
43
-4926
42
-4927
36
-4923
27
-4927
30
-4924
32
-4927
19
-4927
21
-4930
32
-4923
22
-4932
21
-4925
25
-4924
29
-4926
27
-4928
29
-4926
23
-4926
31
-4931
42
-4928
10
-4929
34
-4927
26
-4934
32
-4926
39
-4928
44
-4925
23
-4926
23
-4927
26
-4929
31
-4928
24
-4930
28
-4928
32
-4928
30
-4928
20
-4930
24
-4929
27
-4927
26
-4926
19
-4929
27
-4928
30
-4926
38
-4925
29
-4928
14
-4926
8
-4928
23
-4927
22
-4925
29
-4928
19
-4929
19
-4926
27
-4924
26
-4931
18
-4926
15
-4927
38
-4927
33
-4925
32
-4926
26
-4928
35
-4928
28
-4925
24
-4924
44
-4925
47
-4928
20
-4923
34
-4929
37
-4929
31
-4927
32
-4927
48
-4925
38
-4926
16
-4930
25
-4928
26
-4927
36
-4930
26
-4926
24
-4932
39
-4929
41
-4928
28
-4928
37
-4927
34
-4930
24
-4925
24
-4926
41
-4929
21
-4927
23
-4926
29
-4927
14
-4930
28
-4930
28
-4926
31
-4931
22
-4927
30
-4927
23
-4926
25
-4929
17
-4925
19
-4930
21
-4928
25
-4928
35
-4928
16
-4925
32
-4926
44
-4926
32
-4928
30
-4930
23
-4928
14
-4927
19
-4926
33
-4927
28
-4928
30
-4927
34
-4929
13
-4929
34
-4927
29
-4932
39
-4931
46
-4928
31
-4928
35
-4928
26
-4930
31
-4930
14
-4927
29
-4926
25
-4930
11
-4930
28
-4926
36
-4925
22
-4926
22
-4929
24
-4923
36
-4926
26
-4924
46
-4924
26
-4928
36
-4929
47
-4926
41
-4928
39
-4929
28
-4928
38
-4931
31
-4926
39
-4930
31
-4923
42
-4934
34
-4926
25
-4927
28
-4926
33
-4925
35
-4926
47
-4923
39
-4929
27
-4927
42
-4924
35
-4926
53
-4928
26
-4929
38
-4928
40
-4928
36
-4932
32
-4929
19
-4928
27
-4929
31
-4927
46
-4930
42
-4929
44
-4930
34
-4928
48
-4929
29
-4927
48
-4928
30
-4928
39
-4928
32
-4927
38
-4926
37
-4925
41
-4929
38
-4926
43
-4927
41
-4929
32
-4932
38
-4929
34
-4928
35
-4930
35
-4930
40
-4928
42
-4929
35
-4926
32
-4928
50
-4933
34
-4927
33
-4929
40
-4926
40
-4929
50
-4928
48
-4926
56
-4926
33
-4924
50
-4929
48
-4929
49
-4925
46
-4923
58
-4929
51
-4927
36
-4929
194
-4929
32
-4927
37
-4931
41
-4927
44
-4930
47
-4929
53
-4930
62
-4927
58
-4929
68
-4928
47
-4930
65
-4927
47
-4930
58
-4928
56
-4931
57
-4926
58
-4929
55
-4930
52
-4929
57
-4930
50
-4930
56
-4927
62
-4931
58
-4926
65
-4929
79
-4927
57
-4929
72
-4931
66
-4931
71
-4928
72
-4927
71
-4929
69
-4927
70
-4926
74
-4931
80
-4924
76
-4927
86
-4927
83
-4928
93
-4928
95
-4926
92
-4928
100
-4926
95
-4929
100
-4928
97
-4932
100
-4926
111
-4928
112
-4927
95
-4930
117
-4927
110
-4928
112
-4928
119
-4926
117
-4928
127
-4930
129
-4926
127
-4931
136
-4929
147
-4927
144
-4932
161
-4928
139
-4928
149
-4930
168
-4928
168
-4929
178
-4931
189
-4929
190
-4926
197
-4931
202
-4932
203
-4929
226
-4932
231
-4931
230
-4937
231
-4933
243
-4931
261
-4929
264
-4932
274
-4930
6709
-4933
2619
-4934
1396
-4933
321
-4934
554
-4936
364
-4934
374
-4935
399
-4935
408
-4936
414
-4937
431
-4936
440
-4936
448
-4935
448
-4935
453
-4938
469
-4935
494
-4938
495
-4941
515
-4939
533
-4942
554
-4943
570
-4946
595
-4948
615
-4951
646
-4955
665
-4957
698
-4960
709
-4964
766
-4964
809
-4967
837
-4969
894
-4975
950
-4977
991
-4983
1053
-4989
1118
-4994
1185
-4999
1249
-5002
1336
-5004
1432
-5004
1505
-5006
1598
-5009
1703
-5011
1823
-5011
1945
-5013
2016
-5013
2120
-5015
2249
-5016
2349
-5018
2458
-5019
2576
-5022
2652
-5023
2781
-5023
2890
-5024
2968
-5023
3079
-5026
3204
-5027
3276
-5027
3382
-5025
3493
-5029
3552
-5029
3629
-5033
3737
-5033
3829
-5033
3900
-5035
4015
-5035
4120
-5038
4176
-5041
4281
-5041
4384
-5043
4441
-5045
4557
-5049
4647
-5052
4713
-5055
4808
-5057
4914
-5061
4988
-5060
5087
-5064
5187
-5066
5264
-5066
5379
-5069
5487
-5075
5606
-5074
5722
-5079
5798
-5083
5902
-5088
6017
-5087
6101
-5092
6220
-5097
6339
-5098
6420
-5103
6535
-5106
6654
-5109
6761
-5113
6849
-5117
6967
-5122
7103
-5126
7204
-5130
7309
-5135
7461
-5142
7543
-5144
7676
-5149
7811
-5155
7894
-5155
8033
-5158
8180
-5161
8274
-5165
8393
-5170
8541
-5173
8629
-5172
8740
-5176
8849
-5178
8917
-5185
9051
-5190
9200
-5196
9292
-5198
9438
-5202
9553
-5200
9611
-5202
9734
-5204
9849
-5207
9975
-5207
10070
-5209
10178
-5209
10250
-5211
10339
-5215
10442
-5213
10497
-5220
10570
-5221
10680
-5223
10728
-5227
10842
-5228
10952
-5230
10984
-5230
11056
-5231
11146
-5233
11161
-5234
11204
-5236
11316
-5236
11360
-5238
11429
-5241
11487
-5241
11509
-5243
11578
-5243
11652
-5242
11658
-5245
11665
-5246
11715
-5249
11863
-5251
11911
-5252
11929
-5253
11977
-5254
11995
-5256
12091
-5256
12163
-5260
12155
-5260
12223
-5261
12303
-5262
12341
-5265
12413
-5266
12473
-5266
12492
-5266
12453
-5269
12477
-5266
12522
-5273
12569
-5275
12650
-5278
12779
-5281
12884
-5283
12915
-5282
12904
-5279
12843
-5283
12863
-5283
12914
-5285
12947
-5286
13126
-5288
13148
-5288
13125
-5288
13079
-5288
13067
-5293
13160
-5294
13264
-5295
13286
-5296
13350
-5297
13425
-5297
13459
-5296
13402
-5294
13282
-5295
13255
-5299
13270
-5298
13320
-5301
13350
-5302
13544
-5301
13629
-5299
13633
-5302
13680
-5305
13701
-5305
13765
-5306
13736
-5310
13854
-5312
13943
-5313
14068
-5316
14094
-5317
14085
-5315
14018
-5316
13950
-5318
13838
-5318
13791
-5317
13866
-5319
13901
-5317
14083
-5320
14058
-5320
14158
-5323
14207
-5323
14230
-5325
14315
-5326
14431
-5326
14434
-5326
14422
-5326
14360
-5325
14343
-5326
14327
-5326
14311
-5328
14329
-5330
14470
-5334
14594
-5335
14729
-5337
14774
-5335
14825
-5339
14833
-5336
14765
-5336
14661
-5337
14526
-5339
14572
-5338
14677
-5343
14746
-5340
14770
-5339
14677
-5341
14531
-5341
14570
-5343
14506
-5341
14642
-5343
14704
-5341
14862
-5345
15033
-5344
14958
-5341
14785
-5344
14755
-5344
14728
-5348
14839
-5346
14883
-5346
14906
-5345
14873
-5347
15002
-5349
15161
-5348
15247
-5349
15273
-5350
15176
-5351
15117
-5347
14913
-5350
14744
-5351
14657
-5349
14653
-5349
14743
-5353
14933
-5355
15248
-5357
15328
-5350
15193
-5353
15172
-5353
15225
-5355
15190
-5352
14906
-5352
14761
-5353
14707
-5351
14806
-5357
14787
-5354
14760
-5354
14902
-5356
15252
-5356
15403
-5357
15577
-5358
15580
-5360
15554
-5362
15639
-5362
15698
-5361
15670
-5363
15502
-5363
15400
-5362
15392
-5362
15269
-5363
15330
-5365
15392
-5365
15581
-5367
15712
-5366
15651
-5367
15459
-5366
15379
-5367
15297
-5369
15412
-5368
15379
-5369
15326
-5364
15096
-5365
14964
-5364
15052
-5367
15221
-5364
15454
-5363
15563
-5368
15615
-5365
15652
-5367
15739
-5364
15763
-5366
15798
-5369
15886
-5369
15951
-5371
15911
-5371
15886
-5372
15902
-5374
15857
-5373
15681
-5372
15427
-5374
15345
-5373
15341
-5373
15369
-5372
15364
-5373
15340
-5370
15422
-5373
15575
-5373
15666
-5372
15781
-5373
15889
-5375
16059
-5373
16112
-5376
16123
-5377
16030
-5376
16035
-5378
16109
-5378
16005
-5376
15933
-5377
15783
-5378
15631
-5376
15573
-5376
15537
-5378
15558
-5376
15604
-5375
15768
-5374
15880
-5377
15887
-5372
15861
-5377
15864
-5376
15890
-5378
15836
-5378
15902
-5379
15816
-5380
15728
-5381
15654
-5380
15533
-5380
15477
-5382
15406
-5382
15371
-5381
15339
-5381
15209
-5379
15134
-5379
15178
-5379
15293
-5380
15472
-5379
15575
-5377
15676
-5379
15796
-5379
15859
-5377
15913
-5377
15930
-5380
15920
-5385
15861
-5379
15659
-5379
15329
-5380
15198
-5377
15146
-5376
15046
-5379
15043
-5380
15172
-5378
15456
-5379
15501
-5378
15514
-5373
15634
-5378
15684
-5381
15790
-5377
15844
-5378
15867
-5381
15740
-5380
15682
-5381
15572
-5382
15412
-5380
15321
-5379
15184
-5382
15116
-5381
15053
-5378
14931
-5379
14865
-5379
14993
-5379
15058
-5379
15186
-5380
15399
-5380
15448
-5379
15443
-5378
15588
-5381
15715
-5378
15772
-5379
15765
-5377
15598
-5380
15660
-5382
15535
-5381
15386
-5379
15275
-5377
15059
-5379
15107
-5376
15151
-5378
15161
-5381
15128
-5378
15085
-5379
15046
-5381
15126
-5384
15166
-5382
15169
-5380
15185
-5383
15241
-5381
15260
-5379
15404
-5383
15416
-5379
15269
-5379
15104
-5383
15075
-5383
14913
-5382
14780
-5384
14682
-5383
14575
-5384
14464
-5381
14411
-5382
14349
-5381
14335
-5384
14387
-5382
14434
-5380
14419
-5382
14362
-5383
14408
-5381
14475
-5380
14518
-5382
14568
-5384
14806
-5382
14837
-5380
14840
-5380
14788
-5378
14676
-5378
14506
-5379
14382
-5381
14381
-5381
14378
-5378
14246
-5382
14248
-5383
14361
-5382
14302
-5380
14333
-5381
14418
-5384
14509
-5383
14658
-5382
14684
-5381
14569
-5383
14575
-5382
14519
-5381
14386
-5381
14222
-5383
14090
-5383
13992
-5380
13886
-5382
13806
-5382
13796
-5383
13749
-5381
13753
-5381
13765
-5379
13897
-5380
14030
-5381
14087
-5380
14080
-5381
14198
-5385
14271
-5383
14292
-5380
14223
-5377
13928
-5380
13869
-5380
13789
-5378
13720
-5379
13650
-5379
13596
-5378
13641
-5380
13818
-5380
13885
-5382
14007
-5381
14042
-5382
14043
-5382
14016
-5381
13875
-5381
13677
-5381
13521
-5381
13413
-5384
13419
-5382
13421
-5383
13373
-5380
13332
-5383
13363
-5378
13394
-5379
13401
-5380
13546
-5379
13763
-5381
13790
-5380
13760
-5385
13742
-5383
13662
-5384
13416
-5380
13188
-5381
13089
-5383
13015
-5383
12920
-5382
12821
-5378
12752
-5379
12785
-5380
12872
-5378
12944
-5378
13083
-5378
13163
-5381
13223
-5378
13382
-5379
13499
-5383
13578
-5380
13530
-5379
13365
-5379
13073
-5381
12997
-5383
13046
-5379
13038
-5379
13037
-5380
13058
-5379
13186
-5381
13311
-5382
13275
-5382
13054
-5383
12822
-5383
12670
-5383
12614
-5382
12497
-5383
12418
-5383
12329
-5383
12235
-5383
12184
-5382
12155
-5377
12058
-5382
12159
-5379
12336
-5378
12644
-5377
12802
-5380
12896
-5377
13004
-5378
13040
-5377
12978
-5378
12880
-5381
12680
-5380
12478
-5379
12401
-5381
12333
-5383
12234
-5380
12095
-5381
11981
-5380
11909
-5383
11886
-5383
11859
-5382
11835
-5380
11781
-5383
11717
-5380
11661
-5380
11655
-5379
11685
-5381
11691
-5382
11689
-5380
11691
-5382
11696
-5381
11833
-5380
11807
-5383
11795
-5382
11746
-5380
11693
-5383
11628
-5380
11506
-5380
11379
-5380
11367
-5382
11303
-5378
11252
-5380
11187
-5380
11121
-5377
11100
-5378
11006
-5376
11061
-5378
11186
-5379
11254
-5377
11425
-5379
11449
-5379
11352
-5377
11349
-5381
11401
-5379
11346
-5379
11293
-5379
11195
-5380
11092
-5379
10949
-5380
10940
-5378
10950
-5380
10933
-5377
10903
-5381
10917
-5379
11070
-5381
11003
-5379
10945
-5376
10884
-5378
10883
-5377
10921
-5380
10914
-5377
10796
-5378
10817
-5378
11011
-5379
11030
-5378
10945
-5379
10794
-5380
10750
-5380
10761
-5378
10633
-5375
10415
-5377
10320
-5377
10209
-5375
10126
-5375
10071
-5374
9996
-5375
9943
-5373
9914
-5376
9888
-5376
9907
-5377
9889
-5376
9783
-5374
9726
-5375
9697
-5372
9645
-5375
9670
-5374
9726
-5374
9774
-5374
9741
-5374
9704
-5373
9699
-5373
9726
-5372
9721
-5375
9784
-5373
9755
-5372
9672
-5373
9657
-5373
9563
-5371
9496
-5372
9408
-5368
9282
-5369
9219
-5366
9162
-5367
9158
-5364
9262
-5364
9325
-5368
9544
-5368
9591
-5365
9510
-5364
9466
-5363
9544
-5363
9620
-5364
9528
-5364
9394
-5364
9302
-5365
9428
-5363
9463
-5368
9383
-5364
9217
-5362
9167
-5364
9250
-5364
9579
-5364
9502
-5364
9380
-5362
9216
-5362
9134
-5362
9103
-5361
9120
-5359
9091
-5362
9071
-5362
9062
-5358
8933
-5357
8882
-5356
8825
-5353
8738
-5348
8668
-5343
8563
-5339
8444
-5334
8407
-5329
8342
-5327
8266
-5328
8199
-5323
8173
-5321
8130
-5322
8274
-5322
8360
-5319
8330
-5319
8300
-5319
8316
-5315
8218
-5313
8112
-5310
7985
-5306
7926
-5307
7890
-5304
7862
-5304
7884
-5304
7900
-5307
7981
-5303
8031
-5304
8040
-5304
8052
-5304
8108
-5304
8131
-5301
8086
-5299
8003
-5300
7915
-5298
7776
-5293
7711
-5291
7621
-5287
7554
-5284
7460
-5281
7373
-5278
7331
-5276
7309
-5275
7296
-5275
7300
-5276
7422
-5275
7586
-5276
7667
-5274
7648
-5274
7574
-5272
7544
-5268
7347
-5263
7201
-5260
7147
-5255
7058
-5253
6983
-5250
6938
-5246
6826
-5244
6784
-5242
6763
-5241
6726
-5239
6707
-5239
6627
-5236
6605
-5234
6572
-5236
6550
-5235
6631
-5233
6682
-5238
6815
-5234
6845
-5234
6696
-5231
6661
-5230
6596
-5229
6479
-5226
6433
-5223
6386
-5221
6307
-5219
6263
-5219
6210
-5216
6217
-5216
6345
-5219
6492
-5216
6515
-5217
6526
-5216
6468
-5216
6415
-5216
6340
-5209
6193
-5207
6117
-5204
6092
-5204
6016
-5202
5963
-5202
5941
-5203
5969
-5201
6032
-5199
6079
-5199
6114
-5195
6033
-5193
5943
-5191
5820
-5185
5731
-5179
5693
-5174
5610
-5168
5511
-5162
5463
-5161
5371
-5158
5294
-5153
5237
-5152
5155
-5151
5088
-5147
5043
-5146
4973
-5144
4913
-5144
4868
-5143
4822
-5143
4800
-5142
4816
-5141
4808
-5139
4749
-5138
4724
-5136
4689
-5133
4610
-5128
4555
-5126
4529
-5124
4473
-5123
4414
-5120
4385
-5115
4324
-5114
4268
-5110
4218
-5109
4180
-5105
4114
-5102
4077
-5100
4017
-5093
3943
-5089
3887
-5082
3810
-5078
3763
-5074
3696
-5072
3622
-5068
3580
-5067
3509
-5065
3448
-5061
3399
-5060
3348
-5062
3292
-5059
3267
-5060
3222
-5058
3160
-5053
3122
-5052
3061
-5049
3000
-5045
2939
-5042
2894
-5042
2849
-5037
2796
-5035
2747
-5030
2684
-5032
2624
-5030
2582
-5026
2534
-5026
2492
-5025
2439
-5021
2428
-5022
2360
-5020
2351
-5024
2289
-5019
2261
-5017
2231
-5016
2186
-5016
2146
-5013
2115
-5011
2077
-5009
2029
-5008
1993
-5002
1946
-5003
1908
-5000
1878
-4998
1833
-4999
1801
-4996
1758
-4994
1730
-4988
1698
-4991
1676
-4989
1634
-4989
1588
-4984
1556
-4983
1531
-4983
1493
-4980
1468
-4981
1430
-4978
1403
-4977
1361
-4974
1343
-4973
1314
-4974
1280
-4970
1231
-4970
1208
-4970
1185
-4966
1163
-4965
1128
-4964
1109
-4965
1075
-4964
1036
-4963
1014
-4960
993
-4961
958
-4958
942
-4957
907
-4955
886
-4955
842
-4952
824
-4952
799
-4951
784
-4951
752
-4950
724
-4945
701
-4947
698
-4946
667
-4945
648
-4945
618
-4943
603
-4946
579
-4944
554
-4944
541
-4942
525
-4944
500
-4943
470
-4942
461
-4942
438
-4941
417
-4943
405
-4941
392
-4941
374
-4943
361
-4939
344
-4939
335
-4940
316
-4939
294
-4939
280
-4937
277
-4935
260
-4938
244
-4938
228
-4937
228
-4935
215
-4937
211
-4935
203
-4934
179
-4936
178
-4935
169
-4933
146
-4933
144
-4934
144
-4931
141
-4932
134
-4933
117
-4934
117
-4929
98
-4933
109
-4932
108
-4932
103
-4932
87
-4932
100
-4931
90
-4930
81
-4933
75
-4932
84
-4932
78
-4933
63
-4932
71
-4933
73
-4933
59
-4933
58
-4933
68
-4932
48
-4932
51
-4932
51
-4931
64
-4932
40
-4931
53
-4932
44
-4933
51
-4932
54
-4932
55
-4930
51
-4932
36
-4931
37
-4931
42
-4932
46
-4932
57
-4931
44
-4933
44
-4931
56
-4932
45
-4931
50
-4931
42
-4931
37
-4932
46
-4930
43
-4932
35
-4931
43
-4931
47
-4932
48
-4929
47
-4929
41
-4928
44
-4928
42
-4929
54
-4929
43
-4930
62
-4926
54
-4930
61
-4930
41
-4932
35
-4931
39
-4930
52
-4932
48
-4933
50
-4932
52
-4931
45
-4931
32
-4930
32
-4930
43
-4932
24
-4930
31
-4930
26
-4931
37
-4932
45
-4933
43
-4930
45
-4930
45
-4932
48
-4932
39
-4933
45
-4930
39
-4931
41
-4932
48
-4930
50
-4931
48
-4931
60
-4931
42
-4933
49
-4932
45
-4930
44
-4931
46
-4931
32
-4930
47
-4930
40
-4931
48
-4931
29
-4932
43
-4928
42
-4930
39
-4927
41
-4931
51
-4931
49
-4929
55
-4927
43
-4932
52
-4931
35
-4930
41
-4931
38
-4931
36
-4932
35
-4931
32
-4930
35
-4932
42
-4932
27
-4931
38
-4931
37
-4931
44
-4931
39
-4931
43
-4931
46
-4932
46
-4932
47
-4930
37
-4930
42
-4931
43
-4930
37
-4932
42
-4931
45
-4932
32
-4933
34
-4931
31
-4932
47
-4930
33
-4931
44
-4931
30
-4932
34
-4932
33
-4931
38
-4932
37
-4930
35
-4931
35
-4933
33
-4928
49
-4930
40
-4929
38
-4930
48
-4930
56
-4929
42
-4928
45
-4927
45
-4931
35
-4932
39
-4932
43
-4932
44
-4930
36
-4932
50
-4931
40
-4931
44
-4929
35
-4930
48
-4930
25
-4930
38
-4931
46
-4931
40
-4931
35
-4931
29
-4930
38
-4932
34
-4932
38
-4931
44
-4932
47
-4930
53
-4930
33
-4930
42
-4930
49
-4932
32
-4931
32
-4931
37
-4932
35
-4931
42
-4931
40
-4931
30
-4932
35
-4930
32
-4933
33
-4932
31
-4931
43
-4930
42
-4930
41
-4927
38
-4929
37
-4929
45
-4929
41
-4929
35
-4931
39
-4930
55
-4926
40
-4931
42
-4932
25
-4930
44
-4929
43
-4932
42
-4931
45
-4931
29
-4932
42
-4932
43
-4931
34
-4930
41
-4931
39
-4932
34
-4932
33
-4932
44
-4932
45
-4930
37
-4930
33
-4930
32
-4931
38
-4929
28
-4931
46
-4931
26
-4929
37
-4931
31
-4930
47
-4931
37
-4932
37
-4932
34
-4930
45
-4932
41
-4930
49
-4930
46
-4931
30
-4932
35
-4931
32
-4930
34
-4932
36
-4932
28
-4927
38
-4929
39
-4930
45
-4930
47
-4929
39
-4927
31
-4930
35
-4926
35
-4930
40
-4931
31
-4933
31
-4929
45
-4930
48
-4930
47
-4931
38
-4930
35
-4932
46
-4932
34
-4930
45
-4930
44
-4932
46
-4931
34
-4931
33
-4930
28
-4930
37
-4931
37
-4930
29
-4930
42
-4931
42
-4930
43
-4930
32
-4930
35
-4931
36
-4930
33
-4932
29
-4930
39
-4933
36
-4931
37
-4930
36
-4931
36
-4929
41
-4932
28
-4931
37
-4931
37
-4931
31
-4931
34
-4929
42
-4930
25
-4929
37
-4927
44
-4927
37
-4929
39
-4929
38
-4931
45
-4931
49
-4931
44
-4933
42
-4932
36
-4931
34
-4931
38
-4932
30
-4931
46
-4930
35
-4932
25
-4932
26
-4930
29
-4930
39
-4931
38
-4931
40
-4930
37
-4929
38
-4931
38
-4930
44
-4930
40
-4930
37
-4931
32
-4930
42
-4930
34
-4930
32
-4928
41
-4930
45
-4930
37
-4931
41
-4930
31
-4930
29
-4931
35
-4932
37
-4930
43
-4930
27
-4931
31
-4931
40
-4930
36
-4931
35
-4929
31
-4929
36
-4931
26
-4930
37
-4930
35
-4930
45
-4928
43
-4932
29
-4931
30
-4931
32
-4932
46
-4932
34
-4930
47
-4931
39
-4931
42
-4930
35
-4930
43
-4931
31
-4932
18
-4931
31
-4932
33
-4930
26
-4930
38
-4932
38
-4932
35
-4931
34
-4932
36
-4928
41
-4931
31
-4931
36
-4931
48
-4932
34
-4929
38
-4929
36
-4932
41
-4930
32
-4930
34
-4931
31
-4931
41
-4932
30
-4931
35
-4931
40
-4931
40
-4930
21
-4932
30
-4928
38
-4929
39
-4928
44
-4929
38
-4931
25
-4928
29
-4928
33
-4929
27
-4929
34
-4932
29
-4929
31
-4931
25
-4931
25
-4932
37
-4931
29
-4931
18
-4929
39
-4931
25
-4931
44
-4930
35
-4930
34
-4930
42
-4931
30
-4932
42
-4932
43
-4931
28
-4931
34
-4932
30
-4930
25
-4931
29
-4931
38
-4931
34
-4931
41
-4931
28
-4930
32
-4931
40
-4930
38
-4930
25
-4932
36
-4931
37
-4930
46
-4932
20
-4931
24
-4930
31
-4930
39
-4930
39
-4931
29
-4930
30
-4928
34
-4928
22
-4930
34
-4930
44
-4930
36
-4928
34
-4927
37
-4931
26
-4929
40
-4932
36
-4930
38
-4928
40
-4932
31
-4930
39
-4930
34
-4929
33
-4930
27
-4929
38
-4932
41
-4929
26
-4929
38
-4929
38
-4930
33
-4930
28
-4931
32
-4932
38
-4931
24
-4931
28
-4930
26
-4930
30
-4931
32
-4932
32
-4931
19
-4931
26
-4931
21
-4932
37
-4929
33
-4930
29
-4929
43
-4931
36
-4930
38
-4931
31
-4930
25
-4930
26
-4932
29
-4930
15
-4929
28
-4930
41
-4927
33
-4930
32
-4930
30
-4930
35
-4929
33
-4929
41
-4931
42
-4930
29
-4931
36
-4931
30
-4930
39
-4931
33
-4931
39
-4931
37
-4931
33
-4930
36
-4931
40
-4930
34
-4930
30
-4929
35
-4932
37
-4929
31
-4929
17
-4930
26
-4931
28
-4929
29
-4931
32
-4931
33
-4932
36
-4932
34
-4929
43
-4931
38
-4932
34
-4930
32
-4930
22
-4931
22
-4931
28
-4930
33
-4929
30
-4932
27
-4930
33
-4930
36
-4931
43
-4930
31
-4931
29
-4927
37
-4931
42
-4930
38
-4930
45
-4929
36
-4929
24
-4929
30
-4931
30
-4930
29
-4932
34
-4931
32
-4930
31
-4931
24
-4933
30
-4932
34
-4931
29
-4931
40
-4930
37
-4932
36
-4931
39
-4931
29
-4930
30
-4930
30
-4930
27
-4930
43
-4932
40
-4931
38
-4931
39
-4929
36
-4932
36
-4930
24
-4930
33
-4929
31
-4929
36
-4930
39
-4929
45
-4932
40
-4931
32
-4929
29
-4929
19
-4931
23
-4931
32
-4930
31
-4931
29
-4932
22
-4929
22
-4929
24
-4929
38
-4930
32
-4930
43
-4929
47
-4928
32
-4929
35
-4927
35
-4931
34
-4932
34
-4932
39
-4932
49
-4932
27
-4930
33
-4930
30
-4930
49
-4928
30
-4931
38
-4932
43
-4930
35
-4931
41
-4932
34
-4929
14
-4929
23
-4931
33
-4930
44
-4931
40
-4932
41
-4930
28
-4930
37
-4930
44
-4932
39
-4932
34
-4931
34
-4930
33
-4931
38
-4931
17
-4930
31
-4931
32
-4930
30
-4931
42
-4930
48
-4930
40
-4931
36
-4931
28
-4931
42
-4930
41
-4929
31
-4930
46
-4930
34
-4929
29
-4928
35
-4929
38
-4929
33
-4928
29
-4931
44
-4932
34
-4930
15
-4929
38
-4932
30
-4929
27
-4932
35
-4930
48
-4930
38
-4931
37
-4930
41
-4932
40
-4932
36
-4929
49
-4930
36
-4932
40
-4932
32
-4930
45
-4930
31
-4932
37
-4931
41
-4930
35
-4931
33
-4930
45
-4932
30
-4929
25
-4929
36
-4930
34
-4931
30
-4932
38
-4929
18
-4932
39
-4931
37
-4931
42
-4931
32
-4932
50
-4930
38
-4930
29
-4927
28
-4929
38
-4931
27
-4928
32
-4929
32
-4930
34
-4930
29
-4931
43
-4931
35
-4930
38
-4932
44
-4931
48
-4930
29
-4930
37
-4931
37
-4931
34
-4931
29
-4932
38
-4931
21
-4931
28
-4931
36
-4931
40
-4929
39
-4930
36
-4933
23
-4929
43
-4929
41
-4931
39
-4931
34
-4932
47
-4929
39
-4929
36
-4930
35
-4930
35
-4931
37
-4929
41
-4930
36
-4931
43
-4930
35
-4931
32
-4932
34
-4929
28
-4930
37
-4931
34
-4931
38
-4931
21
-4931
36
-4928
33
-4928
41
-4928
54
-4929
40
-4928
28
-4928
31
-4930
27
-4927
34
-4931
39
-4931
27
-4931
26
-4931
35
-4932
22
-4932
36
-4930
26
-4929
29
-4931
34
-4931
26
-4929
33
-4931
28
-4930
41
-4931
47
-4931
33
-4933
40
-4929
39
-4929
36
-4931
34
-4930
38
-4931
43
-4930
33
-4931
32
-4929
35
-4931
47
-4931
38
-4932
35
-4932
38
-4930
41
-4931
23
-4930
32
-4931
33
-4932
42
-4930
42
-4929
42
-4931
31
-4930
33
-4930
38
-4929
38
-4927
34
-4930
31
-4930
36
-4927
36
-4927
32
-4931
32
-4927
41
-4929
43
-4931
37
-4932
34
-4930
32
-4932
33
-4930
30
-4931
43
-4930
26
-4931
29
-4932
36
-4930
36
-4929
38
-4931
45
-4930
29
-4931
29
-4930
30
-4932
34
-4932
30
-4930
30
-4930
44
-4931
32
-4930
41
-4932
32
-4930
40
-4932
26
-4931
39
-4929
33
-4932
38
-4930
27
-4930
42
-4930
33
-4930
36
-4931
31
-4930
43
-4931
44
-4932
23
-4931
21
-4930
33
-4930
34
-4929
20
-4930
24
-4930
28
-4930
21
-4928
23
-4929
35
-4927
36
-4926
36
-4931
25
-4930
39
-4931
37
-4930
23
-4931
29
-4931
24
-4930
35
-4931
31
-4930
28
-4932
39
-4932
38
-4931
26
-4930
30
-4929
35
-4930
41
-4931
31
-4931
20
-4931
29
-4931
40
-4931
25
-4930
23
-4931
23
-4932
33
-4931
28
-4932
31
-4931
39
-4931
17
-4931
20
-4929
39
-4931
37
-4930
21
-4930
23
-4931
35
-4930
34
-4930
30
-4929
37
-4930
26
-4932
27
-4931
33
-4929
32
-4930
34
-4928
33
-4931
25
-4930
29
-4928
30
-4929
25
-4927
27
-4931
19
-4931
23
-4931
23
-4932
33
-4930
24
-4932
20
-4933
35
-4929
35
-4931
24
-4930
26
-4931
34
-4930
27
-4931
25
-4931
28
-4932
34
-4933
28
-4931
26
-4929
27
-4933
31
-4932
28
-4930
29
-4931
32
-4931
25
-4930
36
-4930
28
-4932
44
-4930
31
-4929
32
-4931
23
-4932
32
-4929
27
-4931
27
-4931
31
-4930
38
-4930
30
-4931
29
-4932
32
-4931
25
-4927
29
-4928
25
-4930
35
-4928
23
-4929
34
-4930
38
-4927
46
-4929
39
-4931
29
-4929
31
-4932
24
-4930
22
-4931
34
-4930
34
-4930
26
-4929
25
-4930
28
-4932
32
-4930
30
-4929
30
-4931
35
-4932
44
-4929
31
-4931
24
-4930
35
-4929
38
-4932
31
-4930
24
-4929
28
-4930
26
-4932
24
-4932
32
-4932
30
-4930
41
-4930
27
-4929
29
-4931
34
-4931
39
-4931
37
-4930
32
-4931
34
-4930
35
-4932
27
-4932
35
-4929
23
-4930
20
-4929
23
-4928
36
-4927
33
-4930
27
-4928
31
-4929
30
-4929
34
-4929
44
-4927
43
-4930
30
-4930
44
-4930
25
-4932
16
-4932
20
-4931
41
-4929
12
-4931
24
-4928
28
-4932
38
-4930
33
-4930
28
-4931
16
-4932
35
-4930
35
-4931
34
-4929
35
-4930
30
-4929
33
-4929
25
-4931
27
-4933
38
-4930
33
-4930
39
-4932
29
-4930
34
-4929
21
-4932
36
-4930
26
-4930
36
-4929
34
-4930
28
-4930
23
-4929
21
-4930
25
-4930
28
-4931
30
-4929
41
-4928
36
-4930
39
-4928
44
-4930
41
-4929
40
-4929
34
-4928
21
-4931
22
-4930
26
-4932
35
-4931
37
-4930
14
-4931
18
-4930
22
-4930
32
-4932
36
-4930
26
-4929
16
-4930
28
-4930
31
-4931
21
-4931
40
-4931
37
-4931
17
-4929
44
-4932
20
-4931
29
-4930
39
-4930
46
-4930
40
-4930
32
-4930
28
-4930
36
-4930
28
-4928
22
-4932
19
-4933
20
-4930
29
-4930
23
-4933
33
-4930
36
-4931
37
-4931
49
-4931
34
-4931
34
-4930
38
-4930
31
-4927
26
-4929
31
-4929
30
-4930
20
-4928
35
-4930
31
-4929
35
-4925
28
-4931
27
-4931
32
-4930
28
-4930
22
-4930
31
-4929
23
-4931
43
-4930
29
-4930
28
-4931
26
-4930
31
-4929
28
-4929
32
-4931
22
-4929
37
-4931
23
-4931
30
-4931
28
-4929
27
-4930
18
-4930
25
-4930
31
-4931
27
-4931
36
-4932
35
-4932
26
-4931
38
-4932
32
-4931
31
-4931
31
-4929
25
-4930
34
-4931
31
-4931
33
-4930
22
-4931
26
-4931
27
-4932
28
-4929
29
-4929
33
-4930
31
-4930
33
-4929
17
-4930
30
-4929
26
-4927
36
-4931
29
-4931
29
-4930
36
-4929
31
-4931
21
-4929
29
-4931
30
-4929
26
-4933
41
-4931
24
-4930
33
-4929
20
-4932
22
-4931
25
-4930
40
-4932
42
-4929
24
-4930
27
-4930
26
-4931
28
-4932
20
-4931
53
-4931
43
-4931
25
-4932
26
-4931
36
-4931
37
-4930
36
-4930
35
-4932
28
-4932
32
-4931
23
-4931
32
-4931
37
-4930
30
-4931
38
-4931
32
-4931
48
-4930
39
-4928
45
-4929
36
-4929
23
-4929
31
-4928
29
-4929
35
-4928
33
-4928
38
-4931
26
-4930
41
-4931
26
-4930
40
-4932
25
-4931
38
-4930
33
-4930
28
-4930
34
-4930
33
-4931
25
-4928
35
-4931
19
-4931
35
-4931
25
-4931
32
-4929
23
-4931
37
-4930
43
-4930
34
-4931
34
-4931
33
-4930
32
-4929
27
-4929
28
-4930
23
-4931
42
-4930
42
-4932
29
-4931
22
-4931
26
-4931
24
-4929
30
-4933
40
-4931
34
-4930
13
-4929
28
-4931
31
-4929
33
-4928
39
-4930
38
-4930
39
-4929
29
-4930
35
-4928
35
-4925
39
-4930
31
-4929
28
-4932
25
-4931
38
-4930
21
-4928
24
-4930
32
-4930
40
-4928
29
-4931
31
-4931
35
-4930
33
-4930
27
-4931
24
-4930
35
-4931
34
-4932
38
-4931
16
-4930
28
-4930
29
-4931
35
-4932
25
-4931
27
-4931
13
-4931
29
-4931
34
-4929
26
-4931
34
-4930
37
-4930
31
-4931
37
-4931
30
-4931
30
-4932
36
-4930
36
-4930
32
-4928
51
-4929
33
-4933
42
-4927
36
-4928
41
-4928
34
-4929
43
-4928
33
-4927
38
-4927
20
-4930
31
-4930
27
-4931
25
-4930
28
-4931
30
-4931
39
-4931
23
-4930
29
-4930
33
-4930
24
-4930
29
-4930
34
-4931
43
-4930
22
-4930
34
-4930
14
-4932
31
-4931
31
-4931
24
-4929
37
-4931
32
-4932
35
-4932
23
-4929
32
-4930
37
-4931
30
-4931
47
-4929
40
-4932
42
-4932
27
-4930
30
-4930
24
-4931
20
-4930
36
-4932
35
-4931
13
-4929
28
-4932
27
-4929
30
-4929
33
-4929
34
-4928
47
-4930
39
-4928
39
-4930
36
-4928
35
-4928
14
-4931
30
-4930
32
-4933
30
-4930
24
-4932
35
-4929
28
-4929
30
-4930
24
-4932
33
-4933
20
-4931
27
-4932
34
-4931
34
-4931
40
-4931
36
-4932
27
-4931
29
-4932
26
-4931
24
-4930
34
-4931
30
-4931
27
-4931
33
-4930
31
-4931
29
-4930
31
-4931
34
-4931
26
-4932
23
-4931
38
-4931
32
-4931
23
-4930
35
-4930
32
-4931
37
-4932
31
-4931
33
-4932
25
-4930
18
-4929
32
-4929
33
-4928
31
-4928
30
-4929
21
-4928
25
-4929
31
-4931
25
-4930
35
-4929
33
-4931
39
-4931
31
-4930
33
-4930
34
-4932
26
-4930
29
-4931
30
-4931
20
-4930
29
-4932
32
-4930
21
-4930
33
-4930
32
-4930
35
-4930
32
-4930
33
-4931
23
-4930
18
-4929
24
-4931
23
-4930
39
-4930
30
-4931
34
-4931
27
-4930
24
-4930
36
-4931
31
-4932
26
-4930
34
-4931
26
-4931
34
-4930
26
-4930
29
-4929
32
-4932
27
-4930
36
-4931
27
-4929
37
-4929
35
-4930
43
-4929
33
-4931
28
-4931
31
-4930
31
-4930
34
-4930
35
-4929
38
-4931
31
-4930
23
-4930
28
-4931
33
-4929
26
-4931
26
-4931
29
-4931
34
-4930
31
-4931
11
-4930
40
-4930
30
-4931
33
-4932
33
-4931
33
-4932
33
-4931
40
-4930
30
-4930
30
-4932
29
-4931
25
-4932
28
-4931
29
-4932
34
-4930
22
-4930
24
-4930
23
-4930
25
-4931
29
-4930
21
-4932
24
-4931
30
-4929
34
-4932
37
-4930
34
-4929
20
-4928
32
-4930
41
-4929
35
-4926
36
-4929
39
-4929
31
-4927
32
-4926
27
-4930
36
-4932
33
-4928
30
-4931
32
-4931
44
-4931
38
-4929
36
-4932
35
-4931
37
-4930
29
-4930
22
-4932
37
-4931
30
-4930
25
-4931
21
-4932
30
-4931
29
-4931
35
-4930
22
-4930
28
-4931
15
-4931
30
-4930
32
-4929
30
-4931
29
-4930
26
-4931
35
-4931
21
-4932
38
-4930
30
-4931
22
-4931
37
-4930
31
-4932
36
-4929
30
-4930
39
-4931
40
-4930
38
-4932
32
-4928
24
-4929
38
-4931
30
-4930
24
-4929
31
-4927
28
-4927
30
-4931
26
-4930
35
-4930
28
-4930
40
-4930
31
-4930
39
-4930
28
-4930
30
-4930
43
-4932
31
-4930
33
-4931
34
-4931
44
-4931
40
-4930
47
-4929
37
-4930
21
-4930
39
-4930
31
-4931
28
-4931
26
-4929
29
-4930
31
-4930
31
-4930
34
-4932
34
-4930
27
-4929
25
-4931
35
-4929
33
-4931
29
-4931
33
-4931
40
-4932
24
-4929
37
-4930
26
-4931
32
-4932
39
-4931
44
-4928
35
-4928
29
-4931
36
-4929
41
-4928
31
-4930
34
-4929
38
-4931
22
-4931
34
-4931
49
-4933
28
-4931
36
-4930
33
-4931
29
-4932
30
-4929
40
-4929
39
-4932
36
-4928
36
-4931
42
-4930
38
-4932
27
-4931
35
-4931
36
-4930
29
-4932
35
-4931
28
-4931
34
-4930
43
-4930
25
-4931
36
-4930
22
-4931
35
-4930
32
-4931
34
-4931
46
-4930
35
-4931
31
-4931
25
-4931
32
-4932
16
-4929
19
-4931
26
-4929
29
-4930
34
-4932
23
-4930
41
-4927
31
-4930
44
-4930
37
-4929
43
-4929
29
-4930
27
-4930
22
-4928
25
-4931
31
-4931
41
-4930
29
-4932
36
-4931
22
-4933
39
-4931
39
-4931
21
-4930
38
-4932
25
-4931
25
-4929
23
-4932
17
-4929
18
-4932
26
-4929
26
-4932
26
-4931
32
-4930
31
-4932
27
-4929
20
-4930
34
-4930
18
-4929
27
-4932
34
-4931
37
-4933
41
-4930
51
-4931
32
-4932
25
-4931
22
-4931
42
-4930
25
-4929
34
-4930
26
-4931
44
-4932
37
-4931
19
-4927
25
-4930
28
-4929
24
-4930
32
-4930
35
-4930
42
-4927
33
-4931
37
-4931
50
-4931
39
-4931
28
-4930
31
-4930
38
-4931
22
-4932
30
-4931
32
-4931
27
-4930
34
-4930
22
-4932
18
-4930
44
-4932
26
-4930
40
-4930
35
-4929
39
-4932
31
-4930
35
-4930
29
-4930
35
-4931
38
-4931
29
-4930
27
-4930
30
-4931
39
-4931
39
-4931
22
-4932
44
-4932
32
-4930
32
-4930
32
-4929
30
-4930
32
-4931
33
-4931
40
-4930
38
-4932
18
-4931
22
-4928
26
-4928
31
-4929
38
-4929
40
-4930
34
-4930
36
-4930
33
-4927
40
-4931
34
-4931
38
-4930
47
-4931
57
-4930
38
-4930
34
-4931
38
-4931
30
-4930
42
-4931
38
-4931
29
-4930
29
-4930
31
-4931
38
-4930
27
-4932
36
-4930
34
-4931
19
-4931
25
-4931
32
-4930
24
-4931
38
-4931
33
-4931
36
-4931
35
-4930
27
-4931
29
-4930
23
-4930
29
-4930
36
-4932
29
-4932
25
-4929
31
-4930
35
-4931
27
-4931
39
-4929
23
-4930
18
-4929
41
-4928
25
-4928
39
-4931
23
-4929
30
-4929
14
-4931
25
-4927
36
-4931
30
-4931
34
-4932
25
-4930
20
-4930
17
-4931
42
-4930
25
-4931
43
-4930
26
-4932
27
-4930
34
-4931
30
-4929
22
-4932
27
-4932
37
-4929
32
-4932
25
-4930
32
-4932
24
-4930
31
-4930
31
-4931
34
-4930
28
-4931
38
-4931
25
-4930
29
-4930
34
-4930
33
-4930
38
-4929
32
-4930
44
-4931
19
-4931
28
-4930
53
-4930
28
-4930
35
-4929
27
-4930
19
-4930
27
-4926
22
-4927
37
-4928
29
-4929
37
-4929
39
-4929
31
-4929
27
-4929
45
-4931
37
-4931
20
-4931
39
-4931
39
-4930
28
-4932
36
-4930
38
-4930
32
-4929
23
-4931
31
-4931
37
-4932
31
-4931
32
-4932
39
-4931
26
-4931
27
-4931
24
-4930
35
-4930
32
-4930
30
-4930
35
-4930
28
-4930
25
-4931
25
-4930
31
-4931
26
-4932
32
-4930
31
-4930
35
-4930
30
-4930
24
-4931
39
-4930
36
-4930
31
-4931
40
-4931
32
-4929
32
-4931
28
-4930
26
-4928
25
-4930
34
-4931
39
-4928
44
-4930
43
-4929
33
-4931
38
-4926
29
-4932
38
-4931
47
-4931
32
-4932
48
-4930
35
-4932
34
-4929
44
-4929
40
-4930
27
-4930
37
-4931
34
-4930
33
-4930
33
-4931
33
-4931
34
-4930
24
-4932
22
-4931
36
-4931
42
-4931
39
-4931
43
-4932
37
-4929
35
-4932
34
-4930
40
-4931
41
-4931
26
-4931
29
-4930
21
-4930
32
-4930
31
-4931
43
-4932
30
-4930
39
-4929
38
-4930
39
-4931
43
-4931
29
-4929
40
-4927
41
-4928
47
-4928
42
-4928
40
-4929
36
-4930
40
-4931
32
-4930
38
-4930
29
-4930
38
-4933
35
-4929
33
-4932
40
-4930
25
-4931
27
-4930
38
-4931
29
-4932
28
-4931
30
-4931
33
-4930
38
-4931
33
-4931
27
-4931
38
-4931
38
-4930
33
-4930
45
-4930
33
-4930
31
-4930
35
-4931
29
-4929
27
-4930
29
-4931
32
-4930
24
-4931
22
-4930
34
-4929
40
-4930
25
-4931
34
-4930
27
-4930
30
-4928
23
-4930
21
-4930
34
-4930
28
-4927
34
-4930
31
-4929
52
-4930
28
-4931
39
-4929
42
-4930
37
-4928
36
-4929
36
-4931
38
-4931
43
-4930
33
-4930
33
-4930
38
-4928
41
-4930
23
-4932
28
-4930
28
-4930
39
-4930
27
-4929
27
-4931
31
-4930
34
-4930
31
-4929
38
-4932
27
-4930
33
-4931
31
-4929
29
-4931
30
-4931
35
-4930
30
-4930
39
-4931
32
-4931
20
-4931
47
-4929
28
-4931
17
-4930
24
-4931
42
-4929
32
-4931
39
-4930
39
-4930
28
-4929
40
-4930
9
-4929
38
-4929
34
-4929
42
-4930
28
-4929
21
-4928
30
-4927
27
-4930
24
-4930
21
-4931
35
-4928
20
-4932
24
-4930
37
-4930
19
-4931
36
-4932
40
-4932
32
-4931
28
-4931
29
-4930
36
-4930
41
-4930
45
-4931
37
-4931
39
-4932
35
-4931
39
-4930
31
-4930
32
-4930
23
-4930
36
-4929
31
-4931
34
-4931
29
-4931
22
-4930
34
-4931
29
-4931
26
-4930
36
-4931
36
-4930
28
-4930
34
-4929
29
-4929
27
-4931
30
-4931
23
-4930
22
-4931
31
-4928
40
-4929
45
-4930
44
-4928
42
-4928
44
-4928
32
-4927
33
-4926
38
-4931
31
-4929
27
-4930
33
-4929
31
-4931
24
-4929
26
-4930
22
-4930
36
-4930
38
-4930
22
-4931
17
-4931
22
-4932
32
-4929
42
-4931
34
-4930
29
-4931
26
-4930
21
-4931
40
-4928
33
-4930
27
-4932
28
-4930
17
-4930
23
-4930
44
-4932
32
-4930
40
-4930
48
-4929
32
-4930
32
-4931
37
-4930
42
-4931
30
-4930
36
-4931
39
-4932
38
-4931
27
-4932
35
-4926
23
-4931
29
-4928
31
-4928
19
-4929
19
-4928
25
-4929
27
-4928
41
-4930
31
-4930
35
-4930
34
-4931
42
-4930
23
-4931
33
-4930
37
-4932
36
-4930
39
-4931
33
-4931
21
-4932
35
-4929
37
-4931
44
-4930
39
-4931
36
-4930
29
-4929
28
-4931
31
-4932
39
-4931
23
-4931
31
-4931
31
-4930
24
-4930
26
-4931
34
-4929
20
-4932
27
-4930
25
-4930
20
-4930
28
-4931
23
-4931
36
-4930
29
-4930
39
-4932
28
-4929
23
-4931
28
-4930
31
-4926
27
-4930
24
-4927
26
-4929
27
-4927
32
-4928
29
-4929
30
-4925
28
-4931
32
-4931
45
-4931
46
-4931
23
-4930
44
-4931
34
-4930
27
-4932
31
-4931
23
-4930
29
-4932
22
-4932
23
-4930
30
-4930
31
-4929
39
-4931
41
-4931
32
-4929
23
-4930
27
-4931
31
-4930
30
-4930
26
-4931
33
-4931
32
-4928
33
-4931
30
-4933
28
-4930
33
-4930
31
-4931
17
-4932
25
-4931
35
-4931
30
-4930
29
-4930
35
-4929
26
-4931
18
-4930
33
-4930
31
-4928
36
-4929
36
-4928
22
-4929
34
-4929
16
-4928
31
-4927
33
-4929
36
-4933
29
-4930
32
-4932
23
-4932
35
-4932
39
-4930
48
-4932
28
-4930
29
-4931
25
-4931
20
-4930
28
-4931
22
-4931
20
-4930
41
-4929
25
-4931
29
-4930
28
-4930
27
-4932
29
-4930
33
-4930
27
-4932
37
-4933
34
-4928
32
-4931
45
-4929
42
-4930
35
-4931
34
-4931
30
-4931
32
-4931
27
-4932
33
-4930
24
-4931
25
-4932
17
-4931
20
-4930
41
-4930
26
-4929
30
-4929
31
-4929
21
-4931
30
-4930
36
-4928
37
-4930
35
-4929
32
-4929
29
-4930
36
-4930
27
-4929
27
-4929
30
-4930
37
-4931
45
-4931
26
-4932
29
-4931
32
-4928
10
-4930
19
-4932
22
-4930
28
-4929
29
-4930
17
-4931
35
-4929
31
-4931
28
-4930
31
-4930
20
-4930
34
-4928
29
-4931
22
-4931
36
-4929
38
-4929
30
-4930
22
-4930
20
-4930
26
-4930
35
-4930
43
-4930
32
-4930
10
-4930
24
-4930
30
-4931
26
-4930
37
-4929
30
-4927
28
-4927
24
-4930
13
-4930
17
-4928
34
-4930
22
-4929
32
-4930
31
-4932
34
-4930
33
-4929
30
-4929
35
-4930
13
-4930
28
-4930
26
-4931
34
-4929
35
-4931
37
-4931
31
-4930
39
-4928
47
-4931
23
-4930
33
-4930
36
-4931
28
-4929
31
-4931
26
-4931
35
-4931
31
-4931
18
-4931
22
-4930
38
-4932
25
-4931
20
-4931
34
-4930
42
-4930
32
-4932
27
-4932
24
-4931
36
-4930
24
-4932
16
-4931
29
-4930
35
-4932
27
-4931
32
-4927
33
-4930
34
-4929
24
-4929
38
-4929
31
-4928
46
-4929
23
-4930
29
-4930
25
-4928
25
-4930
43
-4931
31
-4932
26
-4930
32
-4930
33
-4932
27
-4931
37
-4930
27
-4932
26
-4929
28
-4930
36
-4930
31
-4932
23
-4932
29
-4931
28
-4931
38
-4932
29
-4931
28
-4929
32
-4931
31
-4930
38
-4932
22
-4929
34
-4932
25
-4930
26
-4930
34
-4931
32
-4928
37
-4931
32
-4931
34
-4931
37
-4930
32
-4930
38
-4930
48
-4930
18
-4930
39
-4930
33
-4927
31
-4928
30
-4930
27
-4930
42
-4929
30
-4927
33
-4928
36
-4930
31
-4931
27
-4932
36
-4931
35
-4931
49
-4931
38
-4929
31
-4931
35
-4932
32
-4930
36
-4930
24
-4931
32
-4931
34
-4932
41
-4931
49
-4929
38
-4930
40
-4932
32
-4931
31
-4928
35
-4931
38
-4930
28
-4930
17
-4930
28
-4931
23
-4930
25
-4933
28
-4931
39
-4930
32
-4930
28
-4931
35
-4929
32
-4930
22
-4931
30
-4930
36
-4928
35
-4929
27
-4931
31
-4930
22
-4926
38
-4928
35
-4927
31
-4928
29
-4930
33
-4930
37
-4929
34
-4930
46
-4930
32
-4929
31
-4931
40
-4930
50
-4930
36
-4930
44
-4930
31
-4930
28
-4930
27
-4930
24
-4929
28
-4932
48
-4930
37
-4931
34
-4931
15
-4931
33
-4931
29
-4930
41
-4930
47
-4931
40
-4930
31
-4929
18
-4930
27
-4929
38
-4930
28
-4930
32
-4930
33
-4931
31
-4930
33
-4930
28
-4932
37
-4930
35
-4930
35
-4928
41
-4931
24
-4929
53
-4931
34
-4930
33
-4932
26
-4926
32
-4930
35
-4927
29
-4928
34
-4929
28
-4929
42
-4929
47
-4931
39
-4931
38
-4931
40
-4930
37
-4930
43
-4928
37
-4931
27
-4930
38
-4930
29
-4931
34
-4930
35
-4928
35
-4931
48
-4931
43
-4930
45
-4931
30
-4932
29
-4932
25
-4931
19
-4930
36
-4930
31
-4931
26
-4931
36
-4929
26
-4930
33
-4931
35
-4931
31
-4931
32
-4931
34
-4931
30
-4930
34
-4931
39
-4930
39
-4929
23
-4931
40
-4929
35
-4930
39
-4930
42
-4930
39
-4928
29
-4929
28
-4928
22
-4928
34
-4930
37
-4928
41
-4928
28
-4927
29
-4931
25
-4930
38
-4931
29
-4929
30
-4931
25
-4930
21
-4930
37
-4931
26
-4931
32
-4931
23
-4931
37
-4930
34
-4930
37
-4929
34
-4929
41
-4930
31
-4931
30
-4930
30
-4933
22
-4930
26
-4931
32
-4930
29
-4930
32
-4929
30
-4931
26
-4931
34
-4931
40
-4932
25
-4929
40
-4931
29
-4930
26
-4930
35
-4930
39
-4929
33
-4929
42
-4929
39
-4930
34
-4930
33
-4931
34
-4928
38
-4928
39
-4929
32
-4929
41
-4929
37
-4929
38
-4929
31
-4928
44
-4932
32
-4930
25
-4931
25
-4930
25
-4930
29
-4930
37
-4930
28
-4930
42
-4931
34
-4928
39
-4932
34
-4930
38
-4931
40
-4928
40
-4930
37
-4931
34
-4930
34
-4930
41
-4931
31
-4928
38
-4932
40
-4932
29
-4928
42
-4930
42
-4928
28
-4930
28
-4931
40
-4931
41
-4929
33
-4932
28
-4930
35
-4930
25
-4931
24
-4930
31
-4930
36
-4932
30
-4929
37
-4930
25
-4930
44
-4930
25
-4928
27
-4930
32
-4929
28
-4928
31
-4927
37
-4930
32
-4930
33
-4931
22
-4930
27
-4930
34
-4930
34
-4930
27
-4930
28
-4930
31
-4929
34
-4930
28
-4931
21
-4930
38
-4928
48
-4930
33
-4930
23
-4929
30
-4931
28
-4929
39
-4930
39
-4929
35
-4929
28
-4928
27
-4929
23
-4931
26
-4930
28
-4929
32
-4930
25
-4930
28
-4932
32
-4930
34
-4931
34
-4928
48
-4929
22
-4931
23
-4930
26
-4930
31
-4930
27
-4931
27
-4930
33
-4929
29
-4930
21
-4929
17
-4929
30
-4929
34
-4929
48
-4929
32
-4929
21
-4929
24
-4930
37
-4930
28
-4929
44
-4929
41
-4931
50
-4931
34
-4930
45
-4930
27
-4931
41
-4930
36
-4928
19
-4930
38
-4932
28
-4931
20
-4930
34
-4930
28
-4930
37
-4929
29
-4930
22
-4929
30
-4931
25
-4928
35
-4930
46
-4930
32
-4931
25
-4929
32
-4930
40
-4931
32
-4930
29
-4930
31
-4930
31
-4930
30
-4930
33
-4932
26
-4931
20
-4930
18
-4930
40
-4927
23
-4929
19
-4929
31
-4928
38
-4929
35
-4928
31
-4929
36
-4926
36
-4933
36
-4930
25
-4930
32
-4931
32
-4931
25
-4931
30
-4930
32
-4931
18
-4931
16
-4931
40
-4930
38
-4931
31
-4932
34
-4930
36
-4931
35
-4931
28
-4929
30
-4930
30
-4929
37
-4932
44
-4930
34
-4929
42
-4930
35
-4929
30
-4931
34
-4931
21
-4932
33
-4930
31
-4931
34
-4931
22
-4932
44
-4931
31
-4931
39
-4928
28
-4929
46
-4931
29
-4931
32
-4931
30
-4932
38
-4928
39
-4928
39
-4928
39
-4928
33
-4929
30
-4928
32
-4930
19
-4927
25
-4930
26
-4930
31
-4929
26
-4929
32
-4929
23
-4930
32
-4930
26
-4931
26
-4930
16
-4932
31
-4932
33
-4930
26
-4931
20
-4932
48
-4931
15
-4930
26
-4930
24
-4930
22
-4930
25
-4930
34
-4930
27
-4930
36
-4929
33
-4931
29
-4930
21
-4930
34
-4930
25
-4931
36
-4931
23
-4929
27
-4930
24
-4930
37
-4932
29
-4931
38
-4929
31
-4930
35
-4930
30
-4930
26
-4931
42
-4928
35
-4929
29
-4928
26
-4929
28
-4928
34
-4927
34
-4930
20
-4928
17
-4931
24
-4930
33
-4931
16
-4931
23
-4930
29
-4930
33
-4927
41
-4929
31
-4932
29
-4930
24
-4930
24
-4930
39
-4929
26
-4931
36
-4928
38
-4933
39
-4930
43
-4929
41
-4929
37
-4930
27
-4930
43
-4931
26
-4930
38
-4929
31
-4930
23
-4931
31
-4931
38
-4930
34
-4930
27
-4930
25
-4930
18
-4930
45
-4930
23
-4929
29
-4931
22
-4929
30
-4933
27
-4932
30
-4930
33
-4928
25
-4928
30
-4929
29
-4928
29
-4929
22
-4929
28
-4928
33
-4931
28
-4930
36
-4931
32
-4930
38
-4931
30
-4928
21
-4931
24
-4930
31
-4930
38
-4931
24
-4931
31
-4931
36
-4930
28
-4929
34
-4931
31
-4930
39
-4931
36
-4932
35
-4931
33
-4930
38
-4931
33
