99871140
500432
-4900
1254
-4901
932
-4902
891
-4903
833
-4902
822
-4906
970
-4902
1820
-4903
913
-4905
924
-4901
629
-4903
893
-4904
914
-4904
945
-4902
1004
-4903
1038
-4906
947
-4902
937
-4904
947
-4905
906
-4903
828
-4903
996
-4903
904
-4903
981
-4904
899
-4902
911
-4901
892
-4904
964
-4904
975
-4902
951
-4904
905
-4903
848
-4901
886
-4905
906
-4905
922
-4902
938
-4903
904
-4905
946
-4903
882
-4902
893
-4903
936
-4904
922
-4898
942
-4902
929
-4899
869
-4903
841
-4905
837
-4904
940
-4903
932
-4902
909
-4903
878
-4901
916
-4902
891
-4902
875
-4904
902
-4904
934
-4903
954
-4902
925
-4902
957
-4903
929
-4903
889
-4903
930
-4902
873
-4903
916
-4904
871
-4907
883
-4902
893
-4902
903
-4903
906
-4903
890
-4901
874
-4902
898
-4907
919
-4902
929
-4905
876
-4903
926
-4902
899
-4903
886
-4903
869
-4902
900
-4902
868
-4902
886
-4906
914
-4904
903
-4903
879
-4900
916
-4902
915
-4901
888
-4903
867
-4902
856
-4904
981
-4904
923
-4903
948
-4903
927
-4902
869
-4903
850
-4903
916
-4904
952
-4903
911
-4904
923
-4903
896
-4904
889
-4903
863
-4902
854
-4903
942
-4904
909
-4903
958
-4903
916
-4903
895
-4905
979
-4903
910
-4905
913
-4905
907
-4901
934
-4904
930
-4901
926
-4902
870
-4903
882
-4901
947
-4902
935
-4904
920
-4905
904
-4905
905
-4904
871
-4903
898
-4904
917
-4902
949
-4900
901
-4901
946
-4900
902
-4901
887
-4903
894
-4903
879
-4905
843
-4903
886
-4904
866
-4903
900
-4903
884
-4905
910
-4903
901
-4903
879
-4905
923
-4903
894
-4903
886
-4905
973
-4905
906
-4903
933
-4905
846
-4903
865
-4905
817
-4903
903
-4903
895
-4903
919
-4905
918
-4903
892
-4903
889
-4903
914
-4903
877
-4903
941
-4902
878
-4904
873
-4904
855
-4903
870
-4902
843
-4902
889
-4902
868
-4901
882
-4902
837
-4903
828
-4902
925
-4899
930
-4900
860
-4902
852
-4904
926
-4901
935
-4902
931
-4901
955
-4902
900
-4903
898
-4903
905
-4900
927
-4904
867
-4903
947
-4904
899
-4901
881
-4902
882
-4902
896
-4906
861
-4904
881
-4902
973
-4903
915
-4903
917
-4902
985
-4904
902
-4903
901
-4903
908
-4901
888
-4903
903
-4901
915
-4904
880
-4902
824
-4905
924
-4904
886
-4903
928
-4903
925
-4905
903
-4903
909
-4903
859
-4902
890
-4903
871
-4902
927
-4903
924
-4905
914
-4898
874
-4900
884
-4902
862
-4902
859
-4901
844
-4903
842
-4903
912
-4901
862
-4899
887
-4902
914
-4903
865
-4901
919
-4903
899
-4903
889
-4902
911
-4902
863
-4902
865
-4902
829
-4903
920
-4903
827
-4905
879
-4904
904
-4903
917
-4905
910
-4902
908
-4903
865
-4905
854
-4903
843
-4903
891
-4902
886
-4901
861
-4902
860
-4902
889
-4901
833
-4902
889
-4903
868
-4903
876
-4901
874
-4901
890
-4905
931
-4902
918
-4902
861
-4902
871
-4897
915
-4901
879
-4901
923
-4905
1055
-4903
871
-4903
847
-4905
892
-4903
871
-4902
871
-4903
893
-4904
901
-4901
885
-4905
834
-4905
881
-4905
840
-4903
917
-4902
846
-4906
903
-4901
864
-4904
918
-4905
884
-4903
879
-4903
897
-4903
920
-4902
933
-4902
905
-4904
865
-4905
844
-4902
886
-4901
913
-4904
917
-4903
904
-4904
853
-4903
878
-4902
885
-4904
883
-4902
960
-4901
934
-4903
932
-4902
863
-4903
872
-4902
893
-4898
908
-4901
866
-4898
921
-4903
832
-4904
912
-4903
884
-4906
892
-4902
893
-4904
869
-4902
840
-4905
860
-4905
838
-4903
853
-4902
881
-4905
885
-4903
840
-4900
878
-4901
835
-4904
906
-4905
872
-4903
852
-4903
827
-4903
828
-4903
852
-4904
852
-4903
841
-4902
900
-4903
861
-4904
889
-4902
803
-4904
877
-4904
832
-4901
873
-4901
879
-4905
881
-4908
860
-4903
874
-4901
909
-4904
893
-4905
834
-4902
875
-4901
851
-4902
874
-4900
921
-4901
912
-4900
879
-4903
859
-4903
859
-4902
862
-4903
839
-4901
887
-4905
864
-4903
844
-4905
862
-4903
867
-4902
849
-4901
879
-4903
915
-4902
799
-4903
877
-4903
906
-4907
894
-4904
890
-4903
935
-4903
891
-4903
874
-4901
848
-4902
897
-4903
891
-4903
843
-4901
868
-4903
846
-4905
843
-4902
887
-4902
855
-4903
871
-4902
901
-4900
854
-4901
879
-4903
874
-4906
843
-4904
863
-4905
877
-4903
848
-4903
850
-4902
878
-4900
850
-4898
844
-4899
896
-4907
921
-4904
917
-4905
863
-4903
810
-4900
778
-4904
852
-4902
840
-4903
555
-4902
884
-4903
941
-4903
859
-4906
869
-4904
928
-4903
826
-4904
846
-4903
866
-4905
917
-4903
914
-4903
861
-4902
855
-4903
830
-4903
910
-4902
867
-4904
930
-4904
937
-4903
884
-4903
894
-4903
881
-4902
886
-4903
884
-4903
894
-4905
931
-4902
876
-4902
847
-4902
864
-4903
898
-4903
914
-4901
920
-4903
808
-4900
922
-4899
860
-4903
903
-4904
847
-4904
880
-4901
916
-4905
847
-4901
851
-4904
860
-4903
855
-4902
863
-4903
890
-4905
836
-4902
864
-4902
878
-4903
882
-4904
894
-4903
899
-4902
912
-4901
908
-4904
902
-4905
835
-4902
870
-4904
836
-4906
897
-4903
859
-4904
891
-4905
889
-4904
897
-4905
879
-4902
869
-4903
835
-4906
868
-4903
904
-4903
871
-4903
859
-4903
836
-4904
829
-4902
911
-4905
938
-4902
904
-4901
850
-4903
883
-4900
921
-4901
902
-4899
863
-4903
855
-4904
863
-4903
843
-4903
865
-4903
881
-4903
859
-4903
850
-4902
895
-4902
879
-4903
850
-4904
847
-4900
902
-4901
886
-4902
879
-4904
913
-4903
899
-4903
859
-4901
892
-4902
839
-4902
885
-4902
793
-4900
863
-4904
871
-4904
889
-4902
870
-4903
861
-4902
850
-4900
864
-4903
931
-4905
916
-4904
842
-4901
827
-4906
848
-4904
872
-4902
900
-4902
841
-4902
867
-4903
875
-4903
875
-4904
872
-4899
903
-4902
897
-4899
893
-4901
887
-4903
889
-4902
850
-4903
875
-4901
845
-4901
931
-4905
856
-4903
907
-4903
931
-4902
909
-4903
896
-4903
856
-4902
898
-4901
865
-4902
855
-4904
871
-4903
871
-4902
848
-4903
908
-4902
839
-4904
824
-4902
891
-4902
848
-4903
939
-4903
900
-4903
861
-4901
905
-4903
920
-4902
874
-4902
885
-4903
889
-4902
871
-4902
867
-4902
851
-4900
844
-4904
860
-4906
893
-4904
904
-4903
872
-4898
913
-4900
925
-4901
908
-4904
853
-4904
850
-4903
919
-4902
869
-4903
942
-4905
833
-4902
904
-4903
951
-4903
860
-4903
863
-4903
895
-4904
828
-4902
834
-4902
832
-4901
857
-4898
857
-4904
839
-4902
907
-4903
894
-4903
815
-4904
851
-4903
880
-4903
895
-4902
915
-4903
872
-4901
833
-4902
830
-4900
779
-4902
930
-4902
844
-4903
815
-4902
826
-4902
887
-4904
851
-4902
911
-4901
877
-4902
915
-4905
890
-4903
873
-4904
857
-4898
869
-4901
852
-4901
864
-4903
861
-4901
883
-4903
958
-4901
905
-4903
874
-4902
924
-4901
953
-4903
940
-4902
938
-4902
907
-4903
903
-4903
887
-4903
876
-4903
860
-4905
889
-4903
897
-4905
933
-4902
821
-4902
869
-4901
857
-4904
878
-4902
892
-4904
896
-4903
856
-4902
874
-4905
826
-4902
865
-4903
855
-4904
848
-4900
854
-4900
852
-4903
840
-4901
863
-4902
846
-4902
892
-4903
895
-4904
887
-4904
700
-4904
761
-4901
826
-4897
865
-4897
905
-4899
913
-4902
866
-4902
925
-4903
844
-4901
866
-4903
879
-4903
836
-4905
880
-4902
890
-4903
892
-4901
886
-4902
885
-4901
837
-4903
901
-4904
944
-4902
962
-4903
831
-4903
853
-4904
839
-4901
902
-4902
909
-4903
927
-4903
908
-4906
902
-4903
911
-4901
883
-4901
860
-4901
915
-4901
886
-4904
917
-4900
863
-4903
901
-4904
865
-4903
872
-4903
807
-4903
827
-4902
871
-4904
865
-4904
844
-4901
860
-4900
901
-4899
894
-4902
840
-4902
898
-4902
890
-4904
861
-4901
924
-4903
886
-4904
891
-4901
915
-4903
904
-4902
877
-4903
870
-4903
828
-4903
880
-4903
901
-4901
994
-4903
862
-4902
869
-4903
912
-4901
915
-4901
884
-4903
930
-4901
877
-4901
924
-4903
825
-4902
878
-4903
841
-4903
900
-4902
875
-4902
965
-4904
852
-4903
859
-4900
875
-4903
949
-4904
986
-4903
952
-4904
870
-4901
762
-4903
725
-4903
913
-4902
883
-4903
883
-4900
849
-4900
913
-4904
908
-4902
908
-4902
881
-4903
867
-4902
870
-4900
909
-4900
911
-4902
931
-4902
888
-4903
862
-4900
946
-4901
889
-4904
926
-4902
944
-4901
919
-4903
918
-4903
899
-4903
925
-4903
917
-4903
946
-4903
938
-4903
952
-4904
894
-4903
872
-4902
858
-4903
938
-4902
908
-4903
855
-4901
893
-4904
919
-4901
906
-4904
909
-4903
878
-4903
918
-4903
908
-4901
899
-4902
962
-4901
841
-4903
858
-4903
798
-4903
882
-4898
882
-4900
968
-4901
907
-4901
902
-4902
915
-4901
936
-4904
918
-4902
894
-4902
869
-4904
889
-4902
894
-4903
943
-4903
885
-4902
951
-4905
903
-4900
945
-4903
883
-4902
910
-4904
861
-4901
829
-4902
796
-4902
861
-4903
867
-4899
879
-4902
914
-4904
856
-4900
927
-4903
850
-4903
854
-4902
827
-4902
819
-4900
834
-4902
848
-4903
924
-4901
919
-4903
898
-4901
925
-4903
827
-4903
883
-4903
845
-4901
905
-4901
904
-4898
955
-4899
867
-4900
979
-4902
932
-4902
883
-4901
889
-4903
872
-4903
856
-4902
890
-4901
999
-4906
846
-4902
916
-4902
866
-4906
914
-4901
883
-4903
921
-4901
899
-4901
876
-4902
1004
-4901
1001
-4902
935
-4902
864
-4903
941
-4902
1169
-4901
807
-4903
833
-4898
805
-4902
826
-4902
830
-4903
857
-4902
846
-4901
844
-4901
911
-4902
904
-4902
886
-4900
920
-4904
830
-4901
859
-4903
858
-4903
911
-4903
861
-4904
869
-4901
895
-4897
828
-4902
813
-4900
920
-4901
924
-4905
903
-4905
874
-4902
897
-4902
936
-4905
849
-4902
871
-4904
833
-4903
920
-4904
875
-4904
880
-4902
886
-4901
877
-4903
913
-4905
865
-4901
889
-4902
874
-4904
913
-4902
875
-4902
880
-4901
844
-4904
848
-4904
850
-4903
853
-4902
927
-4900
930
-4902
879
-4906
970
-4901
970
-4903
915
-4900
892
-4902
927
-4903
883
-4903
855
-4901
934
-4903
891
-4902
909
-4901
904
-4904
944
-4898
961
-4902
917
-4900
929
-4902
897
-4900
892
-4901
881
-4905
878
-4902
883
-4903
881
-4901
857
-4902
874
-4903
871
-4901
877
-4904
849
-4904
872
-4901
925
-4902
897
-4903
871
-4901
901
-4904
857
-4901
857
-4902
888
-4902
865
-4901
851
-4903
869
-4903
876
-4903
887
-4904
900
-4902
890
-4904
876
-4903
919
-4901
891
-4901
847
-4904
920
-4901
885
-4902
902
-4903
908
-4900
873
-4899
894
-4902
911
-4902
877
-4902
880
-4902
905
-4898
930
-4899
933
-4901
891
-4906
884
-4903
923
-4901
860
-4902
847
-4903
837
-4903
883
-4900
892
-4903
876
-4904
829
-4902
884
-4903
909
-4904
908
-4901
866
-4901
870
-4903
892
-4902
896
-4902
897
-4903
875
-4904
875
-4905
903
-4901
901
-4905
939
-4902
864
-4901
893
-4903
899
-4902
939
-4901
873
-4903
870
-4904
916
-4903
921
-4903
914
-4899
915
-4899
878
-4904
832
-4901
938
-4901
920
-4902
886
-4901
930
-4902
834
-4902
892
-4900
917
-4898
856
-4900
873
-4901
806
-4906
897
-4902
864
-4902
904
-4903
881
-4903
891
-4902
895
-4905
892
-4901
907
-4902
904
-4899
887
-4902
915
-4904
839
-4902
907
-4906
911
-4901
877
-4904
876
-4904
889
-4903
885
-4903
880
-4901
893
-4903
918
-4903
925
-4903
928
-4902
871
-4904
901
-4902
944
-4901
924
-4902
938
-4902
868
-4903
874
-4902
911
-4903
911
-4906
880
-4901
905
-4902
903
-4902
858
-4903
878
-4902
870
-4898
895
-4900
891
-4898
835
-4901
890
-4900
846
-4902
841
-4904
911
-4902
941
-4903
919
-4903
904
-4901
885
-4904
882
-4903
878
-4902
932
-4902
871
-4901
931
-4902
871
-4903
903
-4904
892
-4903
898
-4903
920
-4903
907
-4901
891
-4902
894
-4901
945
-4902
886
-4903
916
-4902
868
-4900
836
-4902
890
-4901
928
-4903
873
-4902
884
-4903
922
-4904
887
-4903
876
-4903
874
-4902
920
-4903
901
-4902
926
-4902
865
-4903
873
-4903
909
-4898
864
-4901
880
-4899
875
-4903
883
-4903
881
-4903
945
-4902
902
-4903
876
-4902
939
-4903
949
-4903
899
-4905
932
-4901
863
-4901
865
-4902
895
-4902
914
-4902
875
-4902
892
-4902
914
-4901
848
-4903
846
-4901
914
-4902
923
-4902
921
-4900
806
-4901
897
-4903
911
-4903
971
-4903
1006
-4903
913
-4905
875
-4903
919
-4904
904
-4905
888
-4902
912
-4902
930
-4902
899
-4903
885
-4903
910
-4902
862
-4902
894
-4905
928
-4901
980
-4900
879
-4901
879
-4903
894
-4902
858
-4904
868
-4901
885
-4904
941
-4903
907
-4901
884
-4904
931
-4904
905
-4901
888
-4903
915
-4903
921
-4901
884
-4901
920
-4903
956
-4905
934
-4902
947
-4905
884
-4904
901
-4902
890
-4902
880
-4903
857
-4902
922
-4904
917
-4902
916
-4905
902
-4903
919
-4901
995
-4904
884
-4901
929
-4902
938
-4903
959
-4904
947
-4905
960
-4902
821
-4903
891
-4901
880
-4903
923
-4904
966
-4904
851
-4899
963
-4901
920
-4900
906
-4903
907
-4904
896
-4903
920
-4904
932
-4904
915
-4901
1058
-4903
813
-4905
877
-4904
874
-4901
902
-4904
797
-4902
927
-4902
919
-4904
976
-4902
996
-4903
901
-4904
921
-4903
931
-4902
895
-4903
919
-4901
896
-4901
905
-4902
918
-4902
899
-4903
901
-4901
910
-4903
909
-4902
930
-4901
945
-4901
897
-4904
936
-4905
906
-4904
905
-4903
970
-4904
867
-4905
878
-4905
908
-4905
925
-4903
896
-4901
878
-4899
1041
-4901
993
-4901
1003
-4904
1032
-4905
1164
-4901
1172
-4903
890
-4904
915
-4905
948
-4903
942
-4904
1010
-4901
941
-4904
911
-4904
1010
-4901
924
-4906
933
-4902
891
-4901
957
-4902
957
-4904
944
-4905
931
-4905
930
-4904
968
-4903
947
-4902
978
-4903
933
-4903
959
-4903
980
-4905
937
-4905
985
-4902
972
-4904
939
-4908
953
-4903
932
-4905
954
-4902
1054
-4903
966
-4905
945
-4903
1056
-4903
979
-4906
933
-4906
977
-4901
1010
-4901
1008
-4905
962
-4905
1012
-4904
1046
-4904
1006
-4905
956
-4905
952
-4906
961
-4908
932
-4904
1000
-4906
983
-4904
831
-4905
1087
-4910
846
-4912
806
-4909
924
-4908
855
-4909
1304
-4908
1006
-4908
902
-4907
194
-4909
3612
-4911
1730
-4909
2801
-4914
5394
-4909
1308
-4909
1236
-4911
981
-4906
1010
-4907
947
-4904
1023
-4903
996
-4906
969
-4905
963
-4906
946
-4905
942
-4906
999
-4906
1022
-4906
945
-4903
1017
-4903
952
-4901
936
-4905
939
-4907
940
-4906
966
-4905
950
-4908
905
-4906
969
-4902
881
-4904
953
-4905
962
-4905
886
-4905
920
-4909
1066
-4910
956
-4907
1000
-4908
1144
-4907
998
-4908
1002
-4910
1015
-4908
1000
-4908
972
-4911
868
-4911
896
-4912
939
-4909
956
-4910
872
-4909
923
-4909
972
-4911
1092
-4912
1043
-4912
968
-4912
985
-4911
921
-4916
959
-4923
981
-4934
1006
-4927
1055
-4914
1132
-4911
1050
-4916
1072
-4917
1144
-4921
1051
-4932
1091
-4941
1033
-4947
1087
-4946
1096
-4947
1056
-4952
1184
-4947
1167
-4951
1176
-4956
1125
-4966
1260
-4977
1205
-4983
1347
-4993
1316
-4999
1395
-5004
1436
-5010
1487
-5021
1587
-5034
1609
-5040
1609
-5053
1739
-5061
1746
-5068
1803
-5083
1889
-5100
1976
-5096
2033
-5079
2131
-5084
2283
-5084
2416
-5095
2541
-5113
2599
-5135
2711
-5149
2774
-5155
2922
-5159
3063
-5158
3113
-5157
3349
-5162
3485
-5168
3537
-5231
4192
-5247
4269
-5255
4409
-5261
4625
-5270
4726
-5275
4866
-5282
5033
-5295
5169
-5317
5341
-5341
5542
-5350
5611
-5359
5818
-5367
6040
-5368
6176
-5374
6386
-5379
6570
-5393
6820
-5404
6958
-5424
7149
-5441
7310
-5453
7476
-5459
7736
-5469
7931
-5473
8080
-5484
8287
-5492
8468
-5508
8580
-5528
8909
-5551
9149
-5564
9308
-5582
9471
-5604
9717
-5615
9886
-5619
10113
-5638
10260
-5659
10461
-5673
10747
-5694
10915
-5713
11095
-5727
11378
-5742
11610
-5696
11879
-5620
12020
-5652
12279
-5657
12710
-5669
12866
-5662
12916
-5666
13002
-5671
13302
-5660
13620
-5663
13934
-5668
14122
-5671
14368
-5671
14678
-5674
14748
-5666
14950
-5668
15208
-5667
15309
-5672
15488
-5668
15760
-5671
15894
-5675
16075
-5678
16209
-5675
16525
-5679
16635
-5679
16893
-5681
17066
-5686
17220
-5691
17543
-5691
17735
-5695
17864
-5696
18067
-5697
18286
-5701
18415
-5703
18580
-5707
3726
-5703
3200
-5708
2491
-5712
3083
-5714
2853
-5712
1980
-5714
1927
-5719
1959
-5718
1980
-5719
2013
-5718
2025
-5720
2131
-5726
2501
-5720
2516
-5723
2552
-5722
2530
-5722
2381
-5729
1691
-5728
1690
-5731
1651
-5726
1639
-5727
1674
-5728
1640
-5729
1656
-5727
1664
-5727
1703
-5730
1668
-5731
1712
-5732
1521
-5729
1255
-5730
1606
-5730
1635
-5734
1271
-5730
1663
-5734
1691
-5737
1257
-5735
1610
-5731
1616
-5732
1284
-5734
1506
-5732
1435
-5731
1631
-5731
1456
-5734
1294
-5734
1557
-5735
1533
-5733
1223
-5733
1631
-5734
1706
-5737
1255
-5737
1463
-5737
1651
-5738
1237
-5735
1318
-5737
1592
-5732
1231
-5737
1208
-5739
1580
-5736
1219
-5740
1188
-5740
1389
-5738
1634
-5738
1251
-5735
1221
-5738
1537
-5741
1338
-5739
1220
-5734
1302
-5740
1569
-5737
1238
-5742
1207
-5738
1684
-5740
1506
-5738
1266
-5739
1573
-5738
1703
-5737
1507
-5737
1333
-5742
1637
-5732
1510
-5739
1680
-5739
1272
-5742
1268
-5740
1581
-5740
1322
-5739
1256
-5742
1318
-5741
1619
-5740
1293
-5740
1264
-5739
1314
-5744
1586
-5741
1264
-5744
1294
-5740
1708
-5744
1659
-5742
1361
-5739
1494
-5743
1748
-5742
1828
-5745
1336
-5743
1443
-5741
1680
-5741
1429
-5743
1384
-5740
1327
-5743
1846
-5744
1609
-5743
1308
-5741
1512
-5740
1754
-5740
1862
-5741
1384
-5742
1334
-5740
1530
-5742
1645
-5742
1375
-5747
1372
-5743
1370
-5739
1523
-5742
1719
-5738
1873
-5743
1398
-5742
1384
-5744
1457
-5741
1871
-5747
1709
-5746
1437
-5746
1617
-5741
1822
-5741
1921
-5743
1723
-5745
1424
-5746
1575
-5744
1772
-5744
1571
-5746
1470
-5747
1503
-5742
2125
-5744
2116
-5745
1893
-5748
1707
-5747
1881
-5748
2154
-5746
1785
-5746
1769
-5748
1704
-5745
2214
-5745
1992
-5749
1715
-5747
1906
-5744
2143
-5742
2205
-5747
1643
-5747
1652
-5748
1792
-5748
2012
-5743
1815
-5740
2105
-5742
1895
-5744
1795
-5745
2046
-5748
2260
-5747
1846
-5744
1883
-5743
1883
-5745
2362
-5744
1941
-5746
1646
-5746
1838
-5748
2058
-5746
2168
-5747
1908
-5748
1624
-5747
1820
-5747
2047
-5747
1742
-5746
1681
-5749
1365
-5744
1838
-5748
1774
-5746
1576
-5744
1378
-5745
1570
-5740
1783
-5744
1288
-5742
1316
-5744
1290
-5743
1837
-5743
1603
-5742
1328
-5742
1472
-5739
1697
-5737
1797
-5738
1315
-5740
1293
-5740
1397
-5734
1319
-5737
1781
-5732
1859
-5732
1677
-5736
1352
-5733
1555
-5731
1710
-5728
1382
-5730
1338
-5731
1329
-5732
1803
-5729
1802
-5731
1654
-5731
1347
-5728
1552
-5728
1773
-5730
1894
-5731
1422
-5730
1421
-5730
1726
-5733
2146
-5730
1850
-5729
1709
-5728
1856
-5730
2017
-5727
2160
-5726
1733
-5726
1660
-5722
1418
-5724
1968
-5721
1703
-5720
1478
-5717
1546
-5717
1720
-5716
1886
-5711
1447
-5711
1445
-5705
1412
-5708
1976
-5713
1627
-5705
1805
-5707
1730
-5704
1323
-5702
1333
-5699
1525
-5698
1630
-5696
1363
-5692
1353
-5690
1653
-5689
1809
-5687
1824
-5688
1340
-5683
1301
-5685
1479
-5681
1615
-5685
1372
-5685
1286
-5682
1523
-5683
1712
-5677
1793
-5679
1250
-5676
1227
-5667
1373
-5666
1599
-5668
1398
-5665
1276
-5667
1252
-5668
1696
-5668
1799
-5661
1523
-5658
1218
-5657
1355
-5653
1532
-5652
1410
-5645
1270
-5644
1242
-5639
1687
-5634
1788
-5631
1377
-5626
1087
-5626
1047
-5626
1034
-5626
1490
-5627
1563
-5625
1308
-5624
1011
-5618
1153
-5616
1342
-5611
1185
-5610
1079
-5610
1048
-5610
1465
-5605
1557
-5607
1367
-5604
1169
-5604
1074
-5604
1245
-5599
1472
-5597
998
-5595
1029
-5596
1000
-5592
1525
-5595
1439
-5592
1307
-5587
1010
-5593
1205
-5592
1404
-5590
1117
-5590
1062
-5585
1049
-5582
1505
-5583
1589
-5582
1336
-5583
1023
-5578
1111
-5577
1285
-5571
1361
-5563
1047
-5556
1079
-5544
1235
-5539
1080
-5538
1262
-5539
1392
-5535
1123
-5535
1073
-5530
1047
-5531
1507
-5530
1586
-5527
1355
-5526
1033
-5524
1110
-5522
1252
-5522
1337
-5522
994
-5517
1033
-5505
1012
-5507
1521
-5500
1414
-5499
1225
-5496
1029
-5495
1215
-5496
1445
-5495
1024
-5492
1028
-5494
999
-5491
1505
-5488
1441
-5487
1283
-5488
1028
-5490
1211
-5484
1445
-5480
1020
-5480
1023
-5477
1006
-5475
1488
-5474
1415
-5468
1224
-5467
1019
-5459
1005
-5454
992
-5453
1187
-5455
1287
-5455
1050
-5458
1021
-5452
1343
-5451
1479
-5448
1412
-5445
1001
-5443
1026
-5443
1218
-5435
1279
-5431
992
-5435
1024
-5431
1432
-5429
1506
-5426
1332
-5422
1138
-5412
1104
-5410
1272
-5405
1486
-5404
998
-5402
1033
-5399
1006
-5392
1533
-5384
1402
-5380
1203
-5373
1052
-5366
1226
-5359
1482
-5349
988
-5348
1028
-5343
999
-5338
1507
-5338
1404
-5337
1190
-5335
1042
-5335
1229
-5335
1457
-5330
1194
-5333
1309
-5332
1061
-5332
1030
-5331
1338
-5333
1475
-5332
1438
-5329
1308
-5328
1002
-5326
1229
-5322
1431
-5312
1006
-5309
1010
-5301
983
-5299
1496
-5293
1388
-5296
1180
-5295
1054
-5292
1234
-5293
1452
-5293
983
-5288
1011
-5284
987
-5283
1585
-5281
1358
-5277
1168
-5276
1095
-5274
1255
-5270
1483
-5267
996
-5263
1034
-5263
1005
-5259
1123
-5262
1383
-5265
1176
-5261
1051
-5258
1233
-5259
1445
-5258
1539
-5257
1020
-5245
1085
-5243
1020
-5237
1303
-5242
1479
-5240
1506
-5237
1015
-5237
991
-5236
1179
-5236
1394
-5236
1059
-5233
1010
-5232
1015
-5229
1466
-5225
1513
-5223
1281
-5218
991
-5209
1182
-5205
1401
-5199
1082
-5197
1025
-5191
1011
-5189
1478
-5188
1548
-5186
1288
-5186
995
-5184
1172
-5182
1364
-5181
1121
-5179
1040
-5180
1025
-5178
1483
-5177
1573
-5177
1309
-5177
1005
-5179
1129
-5175
1304
-5178
1486
-5178
1047
-5180
1026
-5171
1038
-5175
1145
-5172
1337
-5177
1503
-5175
1051
-5176
1038
-5176
1012
-5175
1552
-5173
1382
-5167
1196
-5165
1069
-5162
1254
-5158
1453
-5156
1564
-5151
1046
-5145
1022
-5143
1063
-5140
1565
-5138
1320
-5139
1066
-5141
1150
-5138
1319
-5141
1496
-5134
1042
-5134
1038
-5133
1021
-5133
1550
-5133
1427
-5134
1253
-5134
1043
-5135
1229
-5132
1451
-5131
1101
-5132
1063
-5130
1049
-5128
1035
-5125
1587
-5121
1340
-5119
1114
-5118
1130
-5114
1071
-5115
1045
-5111
1593
-5109
1345
-5106
1108
-5102
1139
-5096
1300
-5092
1496
-5090
1034
-5089
1045
-5086
1032
-5088
1154
-5089
1456
-5085
1247
-5082
1064
-5080
1236
-5076
1458
-5077
1569
-5076
1063
-5076
1041
-5079
1073
-5076
1574
-5074
1330
-5071
1053
-5072
1200
-5073
1349
-5074
1492
-5068
1030
-5069
1023
-5064
1052
-5060
1514
-5062
1319
-5060
1006
-5063
1224
-5059
1456
-5057
1535
-5054
1342
-5053
1006
-5049
1133
-5046
1031
-5044
1503
-5042
1473
-5044
1304
-5042
1027
-5040
1214
-5038
1464
-5038
1016
-5036
1032
-5033
999
-5033
1505
-5037
1360
-5032
1144
-5028
1077
-5025
1273
-5022
1467
-5017
1031
-5016
1014
-5016
994
-5013
1555
-5017
1283
-5016
1031
-5014
1028
-5018
1370
-5015
1491
-5010
1405
-5010
1014
-5010
1054
-5008
1247
-5004
1318
-5004
1016
-4999
1020
-4996
1447
-4999
1549
-4994
1319
-4993
1007
-4991
1122
-4992
1324
-4990
1192
-4987
1521
-4987
1318
-4984
1020
-4988
1213
-4987
1441
-4982
1061
-4983
1054
-4984
1031
-4982
1092
-4982
1480
-4982
1327
-4977
1006
-4975
1219
-4971
1440
-4970
1545
-4967
1059
-4966
1025
-4966
1066
-4964
1573
-4962
1330
-4961
1060
-4960
1193
-4958
1382
-4954
1530
-4953
1088
-4951
1054
-4951
1046
-4950
1598
-4947
1370
-4947
1162
-4947
1126
-4944
1303
-4943
1516
-4941
1035
-4941
1067
-4936
1044
-4935
1150
-4936
1455
-4935
1283
-4935
1057
-4927
1057
-4928
1037
-4927
1197
-4928
1406
-4927
1201
-4925
1072
-4923
1275
-4922
1499
-4922
1591
-4921
1354
-4920
1041
-4917
1152
-4920
1319
-4920
1297
-4918
1053
-4918
1069
-4916
1469
-4915
1574
-4914
1432
-4915
1069
-4914
1085
-4911
1273
-4912
1340
-4910
1070
-4910
1080
-4909
1383
-4911
1558
-4910
1569
-4910
1079
-4909
1058
-4910
1224
-4908
1409
-4912
1205
-4911
1090
-4906
1286
-4908
1509
-4906
1602
-4906
1385
-4908
1064
-4903
1097
-4902
1084
-4905
1528
-4905
1610
-4908
1376
-4908
1063
-4906
1158
-4906
1342
-4907
1348
-4905
1058
-4905
1092
-4906
1068
-4907
1568
-4906
1487
-4905
1366
-4905
1064
-4904
1250
-4901
1425
-4905
1191
-4904
1108
-4908
1091
-4905
1534
-4905
1617
-4906
1428
-4907
1084
-4907
1104
-4906
1299
-4907
1381
-4906
1189
-4904
1132
-4903
1315
-4906
1528
-4905
1622
-4904
1090
-4905
1076
-4903
1136
-4903
1547
-4904
1378
-4905
1080
-4902
1106
-4901
1103
-4901
1136
-4904
1306
-4904
1511
-4901
1154
-4904
1138
-4908
1119
-4903
1571
-4906
1659
-4904
1431
-4903
1099
-4905
1149
-4902
1310
-4905
1376
-4904
1138
-4903
1124
-4906
1374
-4903
1564
-4904
1669
-4903
1121
-4903
1114
-4903
1152
-4906
1631
-4905
1407
-4903
1157
-4903
1216
-4906
1377
-4906
1580
-4906
1092
-4905
1141
-4903
1129
-4900
1150
-4904
1700
-4903
1439
-4902
1267
-4904
1172
-4902
1335
-4903
1518
-4905
1204
-4900
1564
-4903
1435
-4903
1123
-4903
1259
-4902
1417
-4903
1607
-4904
1103
-4904
1155
-4902
1137
-4905
1635
-4905
1708
-4904
1461
-4903
1142
-4902
1177
-4903
1349
-4902
1441
-4904
1231
-4902
1154
-4902
1349
-4903
1555
-4905
1659
-4903
1166
-4901
1144
-4902
1125
-4900
1676
-4905
1546
-4903
1470
-4904
1123
-4904
1271
-4904
1418
-4903
1424
-4903
1122
-4902
1043
-4903
1024
-4905
1511
-4903
1559
-4901
1307
-4904
1008
-4903
1117
-4898
1033
-4901
1486
-4900
1579
-4903
1344
-4903
1016
-4905
1080
-4902
1238
-4903
1314
-4904
1037
-4905
1055
-4902
1041
-4903
1512
-4906
1604
-4904
1352
-4904
1046
-4900
1108
-4905
1261
-4905
1312
-4904
1058
-4903
1060
-4905
1323
-4902
1511
-4903
1599
-4903
1054
-4903
1041
-4903
1108
-4904
1520
-4901
1326
-4901
1039
-4901
1174
-4902
1337
-4903
1510
-4903
1063
-4903
1053
-4903
1024
-4902
1563
-4903
1452
-4902
1341
-4904
1014
-4901
1205
-4898
1036
-4900
1094
-4899
1563
-4902
1325
-4902
1072
-4902
1163
-4904
1330
-4904
1531
-4901
1028
-4901
1067
-4905
1050
-4905
1111
-4902
1561
-4902
1342
-4904
1093
-4902
1154
-4905
1297
-4904
1502
-4903
1015
-4903
1065
-4905
1045
-4905
1529
-4903
1610
-4899
1348
-4902
1042
-4904
1098
-4904
1262
-4902
1337
-4903
1107
-4903
1084
-4902
1290
-4904
1493
-4901
1592
-4902
1084
-4903
1066
-4903
1044
-4903
1615
-4901
1426
-4901
1295
-4900
1620
-4900
1076
-4901
1069
-4904
1063
-4903
1634
-4903
1382
-4903
1210
-4904
1081
-4903
1274
-4904
1432
-4899
1201
-4900
1108
-4901
1099
-4902
1456
-4902
1590
-4902
1588
-4904
1090
-4905
1072
-4902
1144
-4905
1294
-4904
1377
-4904
1165
-4904
1114
-4905
1294
-4900
1483
-4903
1609
-4901
1120
-4903
1108
-4901
1095
-4904
1612
-4904
1667
-4904
1417
-4904
1120
-4903
1131
-4903
1302
-4903
1448
-4899
1307
-4904
1090
-4903
1280
-4905
1418
-4899
1124
-4902
1696
-4899
1539
-4902
1442
-4902
1115
-4900
1219
-4902
1341
-4901
1531
-4904
1194
-4905
1154
-4902
1142
-4903
1494
-4902
1646
-4901
1713
-4901
1137
-4901
1134
-4898
1119
-4904
1712
-4902
1501
-4905
1430
-4903
1116
-4902
1242
-4901
1365
-4905
1436
-4901
1188
-4906
1168
-4902
1337
-4903
1486
-4906
1635
-4903
1122
-4903
1149
-4903
1140
-4903
1612
-4904
1705
-4902
1545
-4901
1456
-4902
1136
-4902
1181
-4900
1333
-4899
1533
-4900
1653
-4904
1574
-4903
1132
-4901
1110
-4902
1170
-4903
1619
-4904
1407
-4901
1214
-4901
1150
-4903
1313
-4903
1482
-4904
1630
-4905
1152
-4902
1142
-4903
1127
-4901
1621
-4903
1715
-4902
1468
-4904
1136
-4902
1126
-4903
1282
-4904
1514
-4904
1431
-4904
1119
-4905
1247
-4903
1384
-4902
1574
-4902
1176
-4905
1171
-4899
1153
-4903
1535
-4903
1670
-4903
1694
-4904
1165
-4900
1148
-4902
1161
-4901
1322
-4902
1485
-4900
1629
-4899
1727
-4899
1165
-4901
1163
-4903
1146
-4905
1730
-4905
1583
-4902
1480
-4901
1164
-4901
1229
-4902
1378
-4901
1536
-4903
1292
-4902
1172
-4902
1187
-4903
1484
-4904
1667
-4903
1770
-4904
1204
-4902
1193
-4901
1181
-4905
1713
-4905
1690
-4901
1507
-4902
1198
-4904
1193
-4903
1365
-4903
1555
-4901
1492
-4904
1180
-4903
1272
-4907
1408
-4901
1573
-4903
1283
-4902
1216
-4901
1203
-4903
1189
-4902
1679
-4903
1774
-4903
1597
-4901
1631
-4900
1252
-4900
1226
-4902
1208
-4901
1550
-4906
1719
-4903
1797
-4903
1221
-4903
1205
-4901
1186
-4906
1755
-4901
1679
-4900
1508
-4904
1204
-4903
1216
-4904
1368
-4906
1572
-4901
1514
-4903
1201
-4902
1290
-4904
1435
-4903
1594
-4901
1348
-4901
1184
-4903
1238
-4903
1223
-4902
1680
-4903
1790
-4905
1722
-4898
1244
-4905
1231
-4903
1228
-4906
1837
-4905
1641
-4899
1562
-4903
1238
-4902
1294
-4901
1441
-4900
1587
-4898
1750
-4902
1847
-4901
1697
-4903
1271
-4904
1270
-4902
1300
-4903
1876
-4903
1638
-4903
1580
-4904
1261
-4901
1352
-4899
1488
-4904
1578
-4900
1420
-4903
1229
-4904
1417
-4904
1517
-4902
1703
-4902
1291
-4902
1284
-4904
1273
-4901
1552
-4901
1723
-4901
1825
-4901
1601
-4902
1247
-4905
1235
-4905
1338
-4901
1692
-4905
1546
-4903
1352
-4903
1270
-4900
1421
-4901
1544
-4904
1471
-4901
1218
-4901
1279
-4903
1486
-4904
1661
-4901
1290
-4900
1442
-4899
1577
-4903
1442
-4903
1212
-4905
1383
-4902
1528
-4904
1707
-4904
1335
-4906
1299
-4904
1288
-4904
1597
-4904
1774
-4905
1880
-4903
1307
-4903
1316
-4904
1302
-4901
1869
-4904
1890
-4903
1624
-4901
1311
-4905
1294
-4902
1432
-4901
1718
-4903
1612
-4902
1393
-4906
1346
-4902
1504
-4902
1651
-4902
1816
-4903
1281
-4902
1350
-4906
1323
-4901
1772
-4902
1882
-4903
1858
-4902
1347
-4902
1348
-4902
1342
-4903
1920
-4896
1615
-4898
1809
-4902
1920
-4903
1401
-4901
1397
-4902
1396
-4902
1926
-4903
2043
-4905
1812
-4904
1465
-4902
1456
-4903
1564
-4902
1960
-4905
1801
-4902
1658
-4903
1528
-4902
1706
-4903
1866
-4901
1956
-4901
2996
-4904
7842
-4904
6160
-4907
3035
-4903
2866
-4902
2344
-4903
2372
-4903
2358
-4901
2453
-4903
3062
-4902
2544
-4904
2023
-4905
2074
-4900
2196
-4904
2210
-4903
1974
-4903
1808
-4904
1869
-4901
2070
-4901
2278
-4900
2424
-4903
2572
-4900
2515
-4901
1955
-4900
2077
-4901
2097
-4904
2748
-4902
2627
-4904
2769
-4900
2323
-4901
2389
-4902
2773
-4903
3077
-4901
2741
-4901
2822
-4902
2759
-4900
3043
-4902
3012
-4905
3584
-4905
3455
-4900
3513
-4903
2914
-4904
3770
-4903
3480
-4902
3238
-4902
3038
-4903
3169
-4902
3304
-4902
3272
-4902
3149
-4902
3340
-4901
3582
-4900
3640
-4904
4069
-4905
3569
-4904
3532
-4902
3385
-4901
3546
-4905
4018
-4902
3924
-4898
4414
-4901
3893
-4898
3819
-4902
3781
-4902
4080
-4902
4221
-4903
4433
-4902
4264
-4903
4767
-4905
4928
-4906
4859
-4902
4352
-4902
4121
-4903
4106
-4900
4461
-4901
4414
-4904
4694
-4903
4275
-4901
4374
-4901
4498
-4903
4795
-4903
4813
-4902
3240
-4906
3148
-4904
3991
-4902
3546
-4903
2892
-4905
3042
-4902
3049
-4902
3434
-4904
3447
-4901
3438
-4902
3052
-4904
3029
-4905
3417
-4904
4051
-4904
3364
-4904
3116
-4905
3044
-4896
3189
-4901
3335
-4901
3592
-4906
3586
-4902
2972
-4902
2870
-4900
2883
-4903
3312
-4901
3659
-4901
3842
-4904
3761
-4902
3562
-4902
3692
-4904
4028
-4901
3878
-4903
3532
-4903
3475
-4899
3693
-4904
3935
-4904
3861
-4902
3730
-4902
3856
-4903
3997
-4901
3796
-4904
3902
-4901
3525
-4903
3325
-4900
3330
-4902
4127
-4904
4778
-4903
4456
-4903
3998
-4900
4435
-4902
4683
-4903
4857
-4901
4412
-4901
4017
-4903
4070
-4902
4455
-4895
3876
-4900
3974
-4901
3937
-4904
3504
-4902
3511
-4899
3616
-4902
4292
-4902
4094
-4902
3988
-4902
4108
-4903
4008
-4905
4333
-4903
4136
-4904
3804
-4902
4449
-4903
4864
-4903
4393
-4903
4233
-4903
4068
-4905
4220
-4903
4019
-4902
4188
-4900
4376
-4901
5120
-4904
4820
-4903
5258
-4903
5439
-4901
4580
-4899
5188
-4903
5323
-4902
5519
-4903
5750
-4903
5571
-4905
5505
-4902
6136
-4905
6087
-4905
6007
-4904
5655
-4903
6242
-4905
6308
-4901
6033
-4904
5375
-4897
4086
-4903
3839
-4902
3831
-4901
3995
-4902
4225
-4904
3977
-4900
3965
-4902
4311
-4902
4681
-4903
5112
-4903
4882
-4902
4872
-4902
4805
-4901
5486
-4903
5319
-4902
4764
-4901
5009
-4903
5156
-4902
5537
-4902
4761
-4900
5233
-4902
5140
-4900
4224
-4902
5436
-4904
5375
-4902
4663
-4902
4959
-4901
5072
-4903
5570
-4903
5779
-4901
5305
-4902
5447
-4903
5214
-4904
5654
-4903
5335
-4903
5416
-4901
5430
-4898
5329
-4902
5483
-4898
5726
-4900
5520
-4905
5646
-4900
5404
-4900
5780
-4901
5602
-4905
5621
-4905
5108
-4902
5071
-4903
5373
-4902
5379
-4901
5269
-4902
5228
-4901
5827
-4903
5531
-4903
5456
-4905
5052
-4903
5234
-4901
5867
-4902
5668
-4903
5354
-4903
5386
-4901
5765
-4901
6573
-4906
6250
-4903
6316
-4900
6050
-4902
6112
-4903
6211
-4902
5702
-4901
5720
-4902
5802
-4900
6312
-4904
6377
-4903
6152
-4903
6201
-4901
6312
-4904
6433
-4899
6453
-4899
6276
-4901
6052
-4903
6103
-4902
6355
-4902
6431
-4905
6216
-4902
5882
-4904
6088
-4905
5742
-4902
5253
-4903
4774
-4904
4503
-4901
4779
-4905
4778
-4904
4869
-4903
4521
-4900
4534
-4902
4739
-4902
4864
-4903
4950
-4902
4190
-4906
4333
-4904
4849
-4899
4736
-4900
4305
-4903
4252
-4903
4227
-4904
4657
-4905
4631
-4899
4508
-4903
4566
-4903
4472
-4903
4640
-4902
4849
-4903
4495
-4904
4537
-4903
4530
-4901
4913
-4898
4594
-4901
4674
-4901
4762
-4901
4408
-4903
4404
-4903
4389
-4903
4845
-4904
4931
-4903
4722
-4901
4457
-4906
4607
-4903
4541
-4902
4658
-4903
4461
-4906
4441
-4902
4955
-4903
5076
-4900
5071
-4903
4570
-4900
4585
-4902
4576
-4902
5047
-4900
4838
-4902
4783
-4902
4719
-4905
4677
-4904
4899
-4904
4620
-4903
4607
-4906
4574
-4904
4598
-4902
5119
-4902
5121
-4903
4950
-4903
4714
-4903
4884
-4902
5009
-4901
4678
-4906
4703
-4901
4962
-4903
4838
-4898
4950
-4903
5121
-4905
4888
-4903
4853
-4901
4969
-4906
5285
-4902
5361
-4902
5181
-4902
4902
-4901
4825
-4900
5168
-4904
5248
-4903
4915
-4903
4990
-4902
4875
-4904
5401
-4902
5656
-4904
5720
-4903
5131
-4903
5039
-4902
5328
-4898
5230
-4900
5107
-4902
5201
-4901
5494
-4903
5581
-4903
5539
-4901
5259
-4904
5076
-4903
5415
-4904
5595
-4903
5347
-4900
5121
-4904
5380
-4902
5743
-4904
5781
-4900
5444
-4903
5437
-4898
5438
-4900
5282
-4898
5816
-4901
5868
-4900
5659
-4903
5168
-4905
5293
-4900
5433
-4904
5527
-4906
5299
-4900
5155
-4901
5539
-4906
5929
-4900
5667
-4902
5176
-4902
5155
-4902
5627
-4899
5651
-4903
5441
-4903
5284
-4902
5482
-4901
5671
-4901
5875
-4899
5362
-4901
5474
-4902
5532
-4901
5653
-4903
5690
-4904
5394
-4904
5402
-4903
5705
-4903
5949
-4903
6081
-4901
5570
-4901
5506
-4904
5625
-4905
5832
-4901
5650
-4906
5529
-4900
5796
-4898
5584
-4900
5652
-4900
5954
-4903
5761
-4902
5621
-4902
5562
-4903
5909
-4903
6078
-4902
5911
-4904
5568
-4901
5689
-4904
5867
-4901
5792
-4900
5659
-4903
5553
-4900
6097
-4903
6160
-4902
5900
-4905
5615
-4900
5710
-4905
5754
-4901
5896
-4903
5581
-4901
5509
-4904
5568
-4902
5996
-4903
5955
-4902
5672
-4901
5432
-4901
5791
-4901
6027
-4903
5552
-4904
5283
-4902
5977
-4900
7097
-4905
7389
-4906
7312
-4903
7001
-4898
7027
-4900
7365
-4899
6737
-4903
6862
-4901
6478
-4901
6478
-4901
6857
-4903
6278
-4901
5635
-4901
5301
-4902
6286
-4904
5861
-4902
6308
-4901
5530
-4902
5851
-4901
5713
-4901
5812
-4905
6467
-4901
6173
-4901
5675
-4905
5841
-4905
5977
-4904
5833
-4901
5973
-4905
5949
-4905
6317
-4902
6337
-4903
6128
-4903
5505
-4901
5702
-4903
6098
-4902
5981
-4901
7044
-4902
6817
-4901
7113
-4900
7032
-4903
6822
-4902
6731
-4902
6831
-4904
6900
-4898
6970
-4901
6758
-4898
6488
-4899
6348
-4901
6715
-4902
6864
-4902
6674
-4898
6351
-4904
6493
-4904
6714
-4905
6433
-4905
6402
-4902
6394
-4903
6873
-4900
6851
-4901
6616
-4900
6464
-4903
6588
-4904
6765
-4902
6458
-4901
6424
-4903
6389
-4906
6906
-4903
6737
-4901
6507
-4900
6508
-4903
6838
-4902
6963
-4901
6791
-4901
6405
-4900
6481
-4900
6679
-4903
6654
-4901
6453
-4903
6425
-4903
6813
-4903
6976
-4901
6721
-4904
6386
-4898
6445
-4901
6426
-4903
6505
-4902
6752
-4903
6554
-4901
6444
-4901
6631
-4901
6745
-4902
6822
-4902
6386
-4904
6379
-4903
6500
-4903
6695
-4902
6475
-4901
6400
-4903
6624
-4904
6795
-4901
6812
-4903
6393
-4902
6390
-4905
6547
-4901
6744
-4901
6484
-4902
6482
-4903
6464
-4902
6891
-4901
6935
-4903
6756
-4901
6534
-4904
6659
-4902
6893
-4902
6542
-4902
6518
-4902
6466
-4903
6985
-4904
6975
-4902
6746
-4903
6569
-4903
6679
-4902
6848
-4899
6632
-4901
6804
-4900
6560
-4902
6564
-4902
6865
-4901
7198
-4902
6960
-4905
6672
-4900
6753
-4905
6871
-4903
6991
-4898
6740
-4905
6707
-4903
7038
-4901
7065
-4903
6900
-4902
6565
-4904
6673
-4900
6722
-4902
6605
-4902
6483
-4901
6419
-4901
6759
-4901
6865
-4901
6678
-4900
6368
-4903
6486
-4904
6651
-4903
6793
-4899
6422
-4904
6447
-4901
6367
-4903
6862
-4902
6665
-4901
6441
-4902
6530
-4902
6681
-4906
6819
-4904
6426
-4901
6653
-4900
6450
-4902
6441
-4899
6780
-4903
6942
-4900
6805
-4902
6437
-4903
6536
-4903
6719
-4902
6751
-4903
6620
-4902
6614
-4901
6998
-4902
7187
-4902
7127
-4904
6984
-4904
7062
-4904
7214
-4909
6770
-4906
6584
-4908
6794
-4907
7080
-4907
6651
-4906
6157
-4906
5978
-4906
6120
-4909
6283
-4907
6910
-4906
6036
-4908
6123
-4907
6037
-4908
6277
-4906
6241
-4907
6098
-4908
5849
-4905
6038
-4907
6355
-4906
6222
-4908
5976
-4904
6238
-4907
5929
-4904
6018
-4908
6358
-4906
6552
-4909
6474
-4908
6187
-4906
6702
-4908
6778
-4906
6711
-4909
6402
-4906
6076
-4906
6039
-4905
6129
-4908
5883
-4906
5670
-4907
5578
-4907
6010
-4909
6297
-4905
6090
-4907
5424
-4909
5439
-4906
5647
-4907
5717
-4906
5514
-4907
5472
-4907
5700
-4907
5744
-4906
5791
-4908
5358
-4907
5446
-4908
5420
-4908
6139
-4908
6199
-4908
5419
-4908
5222
-4907
5241
-4907
5422
-4908
5295
-4907
4890
-4903
5143
-4906
5129
-4905
5033
-4906
5033
-4908
5367
-4909
5080
-4906
5114
-4907
4919
-4907
5399
-4909
5529
-4906
5898
-4907
5801
-4906
5861
-4908
6021
-4907
6346
-4908
6289
-4906
6045
-4908
6054
-4909
6111
-4907
6185
-4907
5813
-4907
5739
-4905
5607
-4908
5766
-4907
5979
-4906
5895
-4907
5608
-4907
5592
-4908
6103
-4909
6357
-4908
5994
-4906
5926
-4907
5998
-4908
6614
-4907
6030
-4907
6307
-4907
6232
-4907
6310
-4907
6816
-4904
7039
-4906
7178
-4905
6949
-4907
6924
-4907
7421
-4907
6709
-4907
6573
-4906
6207
-4907
6416
-4906
6436
-4909
6703
-4908
6848
-4908
6505
-4908
6778
-4908
7003
-4909
6871
-4907
6935
-4906
6343
-4910
6587
-4907
6664
-4907
6951
-4907
7022
-4907
6689
-4907
7131
-4906
7818
-4907
7339
-4907
6962
-4906
7017
-4906
7184
-4908
7325
-4907
6915
-4907
6834
-4908
7108
-4908
7276
-4910
7260
-4907
7132
-4906
6977
-4908
7018
-4907
7110
-4909
6787
-4904
7133
-4905
6920
-4906
6932
-4907
7126
-4908
7303
-4907
7013
-4908
7205
-4908
7172
-4908
7365
-4908
7375
-4908
7180
-4908
7196
-4907
7488
-4907
7432
-4907
7506
-4907
7150
-4906
7180
-4908
7271
-4908
7295
-4906
7120
-4909
7189
-4908
7382
-4907
7586
-4907
7585
-4907
7057
-4907
7164
-4906
7244
-4909
7506
-4909
7199
-4907
7158
-4907
7533
-4907
7736
-4907
7435
-4908
7081
-4907
7176
-4908
7431
-4909
7460
-4906
7173
-4908
7161
-4903
7305
-4903
7287
-4903
7476
-4908
7617
-4906
7223
-4907
7178
-4908
7098
-4907
7496
-4907
7389
-4909
7215
-4908
7166
-4907
7492
-4907
7588
-4907
7451
-4909
7138
-4906
7232
-4909
7450
-4908
7439
-4908
7329
-4908
7373
-4907
7804
-4907
7808
-4908
7685
-4908
7430
-4908
7723
-4907
7888
-4908
7618
-4908
7607
-4907
7457
-4907
7472
-4906
7046
-4907
6949
-4909
6818
-4908
6960
-4906
7045
-4908
7416
-4906
7544
-4905
5269
-4906
5358
-4904
5898
-4905
6106
-4905
6222
-4908
5868
-4909
5730
-4907
5575
-4908
6216
-4908
5864
-4909
5922
-4908
5700
-4906
5716
-4908
5931
-4909
6106
-4908
6011
-4906
5759
-4907
5570
-4907
6286
-4907
6499
-4907
6114
-4907
6017
-4908
6355
-4908
6490
-4908
6205
-4907
6507
-4907
6476
-4907
6728
-4907
6655
-4908
6978
-4908
6230
-4909
6091
-4908
6099
-4908
6256
-4906
5830
-4906
5648
-4908
5791
-4909
6595
-4906
6832
-4907
6744
-4908
6380
-4908
6331
-4903
6240
-4906
6793
-4904
6671
-4908
6580
-4906
6285
-4908
6501
-4907
6728
-4906
6858
-4909
6500
-4907
6449
-4906
6399
-4909
6787
-4909
6738
-4908
6899
-4908
6563
-4909
6507
-4908
6803
-4908
6688
-4908
6399
-4907
6445
-4908
6910
-4908
7219
-4908
7005
-4908
6781
-4909
6949
-4907
7062
-4908
7105
-4907
6950
-4907
6913
-4907
7612
-4907
7315
-4907
7355
-4908
7128
-4908
7148
-4909
7277
-4908
7515
-4907
7293
-4909
7334
-4909
7515
-4904
7408
-4905
7380
-4905
7289
-4907
7784
-4908
7178
-4906
7455
-4907
7362
-4907
7008
-4908
7030
-4907
7039
-4908
7651
-4908
7270
-4908
6856
-4906
7119
-4909
7335
-4908
7388
-4908
7154
-4907
7184
-4909
8036
-4908
8575
-4906
8104
-4905
7975
-4908
8199
-4909
8624
-4908
8862
-4906
8362
-4907
8447
-4907
8505
-4908
8277
-4908
8344
-4906
8290
-4908
8682
-4907
8581
-4906
7988
-4909
8176
-4908
8382
-4907
8608
-4907
8448
-4908
8553
-4905
9083
-4907
9524
-4907
8052
-4907
8704
-4908
7791
-4906
8662
-4908
8091
-4908
8141
-4907
8149
-4907
8460
-4908
8134
-4908
7923
-4907
7469
-4908
9258
-4906
7842
-4908
9190
-4909
8778
-4908
9579
-4908
9784
-4906
9868
-4907
9203
-4907
9626
-4907
9687
-4907
9404
-4908
9168
-4908
9334
-4906
9214
-4907
8674
-4908
7333
-4908
6940
-4906
7121
-4908
7113
-4907
6923
-4906
7378
-4909
7857
-4908
7757
-4908
7654
-4907
7888
-4908
8155
-4909
7696
-4905
9113
-4905
8543
-4906
8684
-4907
8900
-4909
9213
-4909
8985
-4908
8603
-4907
9091
-4908
9098
-4906
8559
-4907
8681
-4908
8482
-4908
8862
-4907
11048
-4906
7288
-4908
7735
-4908
7957
-4907
7785
-4909
7794
-4907
8458
-4906
8550
-4906
8280
-4908
8301
-4908
7977
-4906
8449
-4908
8248
-4908
9590
-4909
9862
-4907
9791
-4909
9785
-4908
9757
-4909
10224
-4908
10507
-4907
10484
-4908
10362
-4907
10613
-4907
9823
-4907
9432
-4908
12810
-4903
12212
-4904
12753
-4904
11098
-4908
10060
-4909
10118
-4908
9636
-4909
9329
-4908
9570
-4908
9512
-4906
9184
-4907
9194
-4907
9630
-4909
9413
-4908
9254
-4906
9524
-4907
9684
-4909
9529
-4907
9328
-4907
9570
-4905
9736
-4909
9629
-4910
9333
-4909
9595
-4908
9800
-4908
9503
-4908
9478
-4908
6837
-4908
7095
-4907
7324
-4908
7299
-4907
7466
-4906
8544
-4908
7842
-4907
7083
-4908
7346
-4908
7715
-4906
8956
-4908
7902
-4908
9213
-4904
8847
-4906
9347
-4903
9424
-4908
9054
-4909
8786
-4906
9013
-4906
9487
-4906
8984
-4907
9027
-4909
8960
-4909
9128
-4906
8663
-4909
7473
-4908
7958
-4907
9277
-4908
9240
-4907
9054
-4909
9377
-4907
9192
-4907
9360
-4906
9437
-4909
9332
-4909
9720
-4907
9487
-4909
9423
-4909
9649
-4907
10075
-4906
9886
-4906
9807
-4909
10304
-4909
10749
-4909
11057
-4906
10931
-4907
11681
-4908
11575
-4907
10970
-4905
11140
-4908
11391
-4904
11686
-4905
11407
-4905
10575
-4908
10935
-4907
10866
-4907
10871
-4908
11169
-4908
10861
-4906
10967
-4908
11563
-4906
11294
-4907
11269
-4907
11566
-4908
11227
-4908
9946
-4908
10299
-4906
10218
-4908
9902
-4909
10178
-4906
9835
-4908
9617
-4908
9727
-4908
9769
-4908
10007
-4907
9805
-4906
9738
-4908
10181
-4910
10466
-4908
10212
-4909
10549
-4907
11087
-4907
10463
-4908
10217
-4907
10405
-4908
10486
-4906
10094
-4907
10212
-4905
9791
-4908
9963
-4905
10049
-4907
9831
-4907
9774
-4907
10326
-4907
10108
-4909
9959
-4905
10190
-4907
10271
-4907
10280
-4909
9949
-4907
10192
-4908
10428
-4908
9927
-4908
10028
-4907
10163
-4909
10278
-4907
9796
-4907
9877
-4909
10248
-4908
10087
-4907
10161
-4907
10080
-4908
10372
-4908
10218
-4908
10059
-4907
10614
-4908
10451
-4907
10191
-4908
10460
-4909
10478
-4907
10262
-4907
10113
-4908
10364
-4907
10699
-4909
10313
-4906
10374
-4906
10437
-4905
10687
-4905
11160
-4906
10697
-4907
10363
-4907
10901
-4905
10767
-4907
10632
-4908
10977
-4908
11085
-4908
10888
-4909
11185
-4908
11439
-4908
11201
-4906
10927
-4906
11233
-4908
11140
-4908
10854
-4907
11056
-4910
10828
-4908
10619
-4907
10520
-4908
10782
-4908
10885
-4906
10485
-4905
10560
-4908
10834
-4907
10658
-4907
10634
-4907
10654
-4907
11009
-4909
10954
-4905
10855
-4908
11250
-4909
10988
-4909
10897
-4903
10761
-4906
10796
-4906
11135
-4907
11268
-4909
10846
-4907
11000
-4907
11385
-4909
11068
-4907
11409
-4909
11343
-4907
11107
-4907
10996
-4908
11016
-4908
11193
-4909
10981
-4907
11099
-4906
11318
-4908
11201
-4908
11140
-4908
11180
-4909
11524
-4908
10185
-4905
9524
-4908
10120
-4910
10182
-4906
9985
-4907
10308
-4906
10243
-4908
10263
-4910
9905
-4907
10139
-4906
10786
-4908
10435
-4908
10307
-4908
10399
-4906
10489
-4907
10217
-4905
10429
-4905
10173
-4905
10222
-4907
10291
-4908
10373
-4910
10228
-4907
10029
-4908
10444
-4909
9965
-4906
10034
-4908
9622
-4909
10139
-4908
9890
-4908
9585
-4908
9643
-4909
9615
-4908
9865
-4908
9418
-4908
9319
-4908
9600
-4907
9639
-4907
9391
-4907
9254
-4908
9559
-4907
9595
-4908
9384
-4909
9208
-4907
9498
-4908
9459
-4908
9077
-4908
9017
-4907
9196
-4907
9395
-4909
9149
-4909
9141
-4909
9391
-4909
9576
-4907
9384
-4907
9171
-4904
9135
-4904
9118
-4905
9297
-4907
9359
-4908
9140
-4908
9106
-4910
9474
-4906
9501
-4908
9358
-4906
9221
-4907
9482
-4909
9625
-4907
9614
-4907
9238
-4908
9316
-4908
9558
-4907
9300
-4908
9244
-4908
9197
-4907
9635
-4909
9470
-4907
9211
-4907
9344
-4907
9515
-4909
9382
-4907
8815
-4906
8639
-4908
8708
-4907
8801
-4907
8586
-4909
8516
-4910
8902
-4908
9052
-4908
8871
-4907
8556
-4909
8729
-4908
8934
-4910
9108
-4908
8636
-4904
8679
-4905
8653
-4903
8971
-4906
9055
-4907
8956
-4909
8658
-4908
8811
-4907
9039
-4909
8837
-4908
8812
-4907
8929
-4906
8784
-4907
8996
-4907
8781
-4908
8844
-4908
9042
-4907
9166
-4906
9062
-4908
8703
-4909
8811
-4907
9113
-4907
8946
-4908
8844
-4907
8800
-4907
9198
-4907
9328
-4907
9089
-4907
8920
-4908
9054
-4907
9133
-4909
8861
-4907
8971
-4907
8907
-4909
9364
-4909
9247
-4908
9074
-4907
9069
-4908
9296
-4908
9462
-4906
9363
-4906
9018
-4906
9008
-4907
9092
-4908
9303
-4907
9359
-4909
9110
-4908
9143
-4908
9363
-4906
9292
-4908
9203
-4907
8908
-4908
8930
-4906
9100
-4909
8938
-4912
8942
-4909
8953
-4907
9397
-4907
9254
-4907
9018
-4908
8924
-4908
9068
-4907
9093
-4908
8765
-4908
8727
-4911
8715
-4909
9071
-4906
8908
-4910
8728
-4908
8866
-4907
9065
-4906
9271
-4906
8818
-4909
8749
-4906
8867
-4908
9081
-4906
8820
-4909
8790
-4907
8781
-4907
9280
-4904
9295
-4904
9416
-4905
9088
-4909
8997
-4907
9173
-4908
9378
-4907
9174
-4908
9123
-4907
9476
-4907
9520
-4907
9465
-4906
9427
-4908
9291
-4909
9549
-4909
9610
-4909
9202
-4908
9324
-4908
9575
-4908
9440
-4908
9441
-4910
9335
-4909
9815
-4909
9839
-4909
9785
-4908
9705
-4908
9485
-4907
9554
-4909
9214
-4907
9254
-4908
9613
-4908
9882
-4909
9819
-4909
9756
-4909
9759
-4907
9940
-4908
9933
-4906
9727
-4906
10046
-4907
10192
-4904
9766
-4906
9775
-4905
9786
-4907
11351
-4907
11617
-4906
11736
-4906
10663
-4906
10856
-4909
10865
-4909
10513
-4907
10531
-4907
10997
-4906
10887
-4908
10211
-4907
9997
-4909
10266
-4909
10534
-4908
10223
-4906
10071
-4908
10306
-4908
10534
-4909
10323
-4907
5553
-4911
5842
-4909
10344
-4908
9899
-4909
9535
-4907
9741
-4908
9927
-4905
9454
-4906
8995
-4908
9897
-4909
9628
-4909
9538
-4909
9848
-4906
10008
-4908
9765
-4907
9848
-4902
9046
-4906
9335
-4906
9175
-4906
9617
-4907
9572
-4908
9648
-4907
9679
-4911
9742
-4907
9734
-4907
9704
-4909
9777
-4908
9911
-4907
9978
-4909
9882
-4910
9991
-4909
10006
-4906
9919
-4906
9886
-4906
9925
-4907
9939
-4907
9952
-4907
9994
-4909
10060
-4908
9983
-4907
9924
-4906
10112
-4909
9947
-4907
10015
-4907
10154
-4907
10118
-4909
10003
-4909
9773
-4908
9811
-4906
9832
-4909
9873
-4908
9884
-4906
9958
-4906
10005
-4907
10229
-4905
10051
-4905
10048
-4906
10104
-4906
10134
-4908
10284
-4907
10283
-4907
10324
-4909
10342
-4907
10259
-4908
10395
-4907
10502
-4907
10451
-4908
10392
-4908
10434
-4909
10489
-4907
10215
-4906
10132
-4908
10203
-4908
10224
-4909
10092
-4906
10417
-4907
10225
-4908
10246
-4909
10326
-4906
10463
-4909
10562
-4909
10543
-4907
10659
-4909
10551
-4906
10587
-4908
10565
-4908
10649
-4905
10670
-4909
10649
-4909
10595
-4906
10622
-4906
10618
-4904
10666
-4905
10850
-4908
10827
-4907
10931
-4908
10963
-4909
11205
-4909
10857
-4910
11033
-4908
11091
-4906
11093
-4907
10962
-4908
10996
-4909
11146
-4908
11361
-4907
11251
-4907
11221
-4908
11131
-4908
11129
-4909
11309
-4907
11179
-4908
11186
-4906
11108
-4906
11369
-4909
11164
-4907
11266
-4906
11365
-4908
11479
-4909
10959
-4908
10960
-4908
10958
-4907
11204
-4909
10729
-4907
11049
-4909
11067
-4909
10713
-4909
10777
-4903
10785
-4906
10765
-4906
10785
-4909
10780
-4906
10751
-4908
10702
-4909
10561
-4907
10590
-4910
10661
-4907
10675
-4908
10608
-4907
10645
-4907
10701
-4907
10742
-4907
10703
-4908
10735
-4907
10620
-4907
10685
-4907
10970
-4909
10926
-4908
10935
-4907
10701
-4908
10838
-4908
10760
-4908
10840
-4907
9377
-4908
7158
-4909
6944
-4908
6746
-4908
6647
-4909
6885
-4910
6976
-4910
6626
-4907
6545
-4908
7045
-4907
6816
-4907
6630
-4905
6621
-4906
6817
-4904
6944
-4908
6841
-4909
6618
-4910
6885
-4908
7061
-4908
6576
-4906
6642
-4909
6908
-4907
6607
-4906
6567
-4909
6675
-4906
6870
-4907
6603
-4908
6520
-4908
6951
-4908
6885
-4907
6659
-4907
6809
-4907
6991
-4909
6844
-4907
6614
-4907
6877
-4908
7003
-4906
6535
-4909
6202
-4908
6424
-4908
6527
-4906
6098
-4907
6068
-4908
6282
-4908
6196
-4910
6012
-4908
5940
-4908
6436
-4907
6159
-4907
5956
-4906
6304
-4908
6427
-4903
6308
-4906
6274
-4906
5955
-4909
6209
-4909
6376
-4907
6039
-4909
5940
-4907
6184
-4907
6251
-4907
6021
-4908
5941
-4907
6438
-4907
6290
-4909
6022
-4907
6264
-4908
6458
-4907
6331
-4906
6001
-4909
6276
-4907
6523
-4908
6474
-4908
6058
-4908
6204
-4906
6458
-4907
6137
-4906
6113
-4908
6205
-4907
6465
-4906
6169
-4908
6114
-4907
6467
-4909
6506
-4908
6239
-4909
6219
-4908
6424
-4908
6512
-4908
6037
-4909
6210
-4907
6412
-4904
6313
-4905
6275
-4907
6114
-4908
6045
-4907
6522
-4907
6288
-4907
6100
-4908
6449
-4906
6581
-4908
6350
-4906
6251
-4909
6498
-4907
6627
-4907
6146
-4908
6245
-4908
6526
-4909
6165
-4908
6109
-4908
6197
-4909
6344
-4909
6083
-4907
6009
-4907
6079
-4908
6318
-4908
6034
-4907
5997
-4908
6363
-4907
6354
-4906
6057
-4907
6204
-4907
6342
-4909
6482
-4907
6006
-4908
6110
-4907
6387
-4909
6063
-4908
6025
-4909
6129
-4907
6373
-4905
6510
-4905
6328
-4905
6091
-4909
6411
-4908
6546
-4908
6389
-4908
6111
-4907
6372
-4909
6554
-4906
6173
-4907
6113
-4908
6318
-4910
6432
-4907
6245
-4909
6174
-4910
6636
-4909
6471
-4910
6215
-4907
6410
-4907
6631
-4909
6606
-4908
6335
-4908
6411
-4908
6737
-4907
6690
-4909
6189
-4908
6299
-4908
6546
-4908
6156
-4907
5844
-4908
5590
-4909
5938
-4906
5784
-4907
5688
-4907
5942
-4909
6098
-4907
5952
-4908
5534
-4906
5742
-4907
5989
-4904
5956
-4905
6178
-4905
5694
-4908
5679
-4907
6122
-4908
6224
-4908
5853
-4908
5928
-4908
6171
-4908
6498
-4906
6059
-4907
5963
-4906
6183
-4908
6075
-4908
5902
-4908
6058
-4906
6527
-4908
6138
-4907
5935
-4909
5907
-4907
6080
-4909
6296
-4909
5950
-4908
5759
-4908
6040
-4906
6200
-4906
5866
-4907
5803
-4908
5918
-4907
6091
-4908
5920
-4907
5935
-4908
6248
-4907
6326
-4907
6096
-4908
5975
-4909
6168
-4909
6243
-4906
5817
-4906
5879
-4907
5787
-4907
6010
-4906
6213
-4908
6073
-4907
5874
-4908
6137
-4907
6136
-4908
6173
-4909
5848
-4908
5992
-4909
6259
-4907
5973
-4906
5924
-4907
5852
-4909
6308
-4907
6046
-4907
5850
-4907
6097
-4906
6258
-4907
6173
-4906
5897
-4906
5968
-4907
6217
-4908
6349
-4906
5942
-4909
5866
-4907
6103
-4908
6001
-4908
5902
-4909
5906
-4908
6463
-4908
6174
-4909
5941
-4908
6212
-4906
6413
-4907
6212
-4907
5886
-4907
6182
-4905
6185
-4905
6277
-4905
6040
-4907
6143
-4907
5698
-4908
6495
-4909
6162
-4907
6091
-4909
6424
-4907
6139
-4908
5900
-4905
5652
-4908
5937
-4907
6090
-4908
5647
-4908
5586
-4908
5753
-4906
5956
-4907
5690
-4907
5745
-4909
6176
-4908
6320
-4906
6121
-4906
5989
-4908
6034
-4909
6113
-4908
5605
-4907
5518
-4908
5729
-4908
5905
-4909
5572
-4908
5498
-4910
5573
-4907
5822
-4907
5570
-4905
5555
-4907
5913
-4907
6042
-4908
5749
-4907
5561
-4903
5545
-4906
5696
-4905
6156
-4908
5793
-4908
5690
-4911
6173
-4908
6185
-4908
6217
-4907
6051
-4908
5825
-4908
5972
-4905
5835
-4907
5487
-4909
5642
-4907
5815
-4909
5502
-4908
5468
-4906
5534
-4908
5827
-4909
5552
-4906
5467
-4909
5774
-4908
5874
-4909
5684
-4907
5400
-4908
5567
-4907
5728
-4907
5391
-4908
5347
-4907
5467
-4907
5705
-4907
5457
-4907
5399
-4909
5359
-4908
5845
-4906
5684
-4909
5406
-4906
5586
-4907
5742
-4903
5645
-4907
5547
-4905
5410
-4907
5349
-4905
5546
-4907
5748
-4907
5508
-4906
5497
-4908
5841
-4908
5928
-4907
5662
-4908
5486
-4907
5687
-4907
5868
-4909
5497
-4906
5457
-4908
5630
-4909
5785
-4909
5522
-4906
5530
-4908
5862
-4909
5961
-4907
5708
-4906
5538
-4906
5768
-4909
5885
-4906
5492
-4907
5432
-4906
5585
-4910
5756
-4908
5480
-4908
5463
-4908
5478
-4908
5946
-4907
5729
-4908
5540
-4909
5689
-4907
5863
-4907
5856
-4907
5465
-4903
5557
-4907
5531
-4905
6014
-4909
5902
-4906
5638
-4907
5777
-4909
6023
-4907
6239
-4908
5793
-4906
5729
-4907
5906
-4908
6055
-4909
5604
-4907
5572
-4907
5763
-4910
5914
-4909
5675
-4908
5644
-4909
5997
-4908
6061
-4908
5844
-4907
5715
-4907
6005
-4908
6121
-4908
5729
-4908
5645
-4907
5870
-4906
6003
-4907
5780
-4909
5758
-4907
6107
-4909
6065
-4908
5788
-4909
5646
-4909
5974
-4908
6100
-4907
5779
-4907
5501
-4909
5708
-4903
5543
-4906
5816
-4904
5578
-4909
5495
-4907
5844
-4907
5949
-4906
5796
-4906
5620
-4907
5940
-4908
5915
-4907
5933
-4908
5457
-4908
5478
-4906
5698
-4908
5652
-4908
5503
-4909
5401
-4908
5867
-4908
5734
-4907
5468
-4907
5560
-4908
5750
-4907
5940
-4908
5535
-4909
5458
-4908
5716
-4909
5741
-4907
5652
-4907
5506
-4907
5922
-4908
5814
-4908
5622
-4906
5552
-4906
5935
-4907
5776
-4908
5557
-4907
5228
-4907
5369
-4909
5619
-4905
5654
-4905
5385
-4906
5269
-4907
5565
-4907
5747
-4909
5812
-4908
6470
-4907
5657
-4907
6563
-4907
5755
-4909
5426
-4907
5164
-4906
5451
-4908
5715
-4906
5289
-4908
5236
-4907
5662
-4909
5787
-4907
5657
-4908
5380
-4907
5490
-4907
5879
-4908
5526
-4909
5475
-4907
5503
-4907
6024
-4907
4783
-4908
4643
-4908
4928
-4907
5079
-4908
4990
-4909
4635
-4909
4825
-4906
5195
-4909
5288
-4907
4788
-4907
4772
-4909
4954
